# ['MStar', 'MRate', 'incl']
19.74485205 0.00203008 63.87786325
19.74485205 0.00203008 63.87786325
19.74485205 0.00203008 63.87786325
19.74485205 0.00203008 63.87786325
19.74485205 0.00203008 63.87786325
19.74485205 0.00203008 63.87786325
19.74485205 0.00203008 63.87786325
19.74485205 0.00203008 63.87786325
19.74485205 0.00203008 63.87786325
19.74485205 0.00203008 63.87786325
19.74485205 0.00203008 63.87786325
19.74485205 0.00203008 63.87786325
19.74485205 0.00203008 63.87786325
19.74485205 0.00203008 63.87786325
19.74485205 0.00203008 63.87786325
19.74485205 0.00203008 63.87786325
19.74485205 0.00203008 63.87786325
19.74485205 0.00203008 63.87786325
19.74485205 0.00203008 63.87786325
19.74485205 0.00203008 63.87786325
19.74485205 0.00203008 63.87786325
19.74485205 0.00203008 63.87786325
19.74485205 0.00203008 63.87786325
19.74485205 0.00203008 63.87786325
19.74485205 0.00203008 63.87786325
19.74485205 0.00203008 63.87786325
19.74485205 0.00203008 63.87786325
19.74485205 0.00203008 63.87786325
19.74485205 0.00203008 63.87786325
19.74485205 0.00203008 63.87786325
19.74485205 0.00203008 63.87786325
19.74485205 0.00203008 63.87786325
19.74485205 0.00203008 63.87786325
19.74485205 0.00203008 63.87786325
19.74485205 0.00203008 63.87786325
19.74485205 0.00203008 63.87786325
19.74485205 0.00203008 63.87786325
19.74485205 0.00203008 63.87786325
19.74485205 0.00203008 63.87786325
19.74485205 0.00203008 63.87786325
19.74485205 0.00203008 63.87786325
19.74485205 0.00203008 63.87786325
19.74485205 0.00203008 63.87786325
19.74485205 0.00203008 63.87786325
19.74485205 0.00203008 63.87786325
19.74485205 0.00203008 63.87786325
19.74485205 0.00203008 63.87786325
19.74485205 0.00203008 63.87786325
19.74485205 0.00203008 63.87786325
19.74485205 0.00203008 63.87786325
19.74485205 0.00203008 63.87786325
19.74485205 0.00203008 63.87786325
19.74485205 0.00203008 63.87786325
19.74485205 0.00203008 63.87786325
19.74485205 0.00203008 63.87786325
19.74485205 0.00203008 63.87786325
19.74485205 0.00203008 63.87786325
19.74485205 0.00203008 63.87786325
19.74485205 0.00203008 63.87786325
19.74485205 0.00203008 63.87786325
19.74485205 0.00203008 63.87786325
19.74485205 0.00203008 63.87786325
19.74485205 0.00203008 63.87786325
19.74485205 0.00203008 63.87786325
19.74485205 0.00203008 63.87786325
19.74485205 0.00203008 63.87786325
19.74485205 0.00203008 63.87786325
19.74485205 0.00203008 63.87786325
19.74485205 0.00203008 63.87786325
19.74485205 0.00203008 63.87786325
19.74485205 0.00203008 63.87786325
19.74485205 0.00203008 63.87786325
19.74485205 0.00203008 63.87786325
19.74485205 0.00203008 63.87786325
19.74485205 0.00203008 63.87786325
19.74485205 0.00203008 63.87786325
19.74485205 0.00203008 63.87786325
19.74485205 0.00203008 63.87786325
19.74485205 0.00203008 63.87786325
19.74485205 0.00203008 63.87786325
19.74485205 0.00203008 63.87786325
19.74485205 0.00203008 63.87786325
19.74485205 0.00203008 63.87786325
19.74485205 0.00203008 63.87786325
19.74485205 0.00203008 63.87786325
19.74485205 0.00203008 63.87786325
19.74485205 0.00203008 63.87786325
19.74485205 0.00203008 63.87786325
19.74485205 0.00203008 63.87786325
19.74485205 0.00203008 63.87786325
19.74485205 0.00203008 63.87786325
19.74485205 0.00203008 63.87786325
19.74485205 0.00203008 63.87786325
19.74485205 0.00203008 63.87786325
19.74485205 0.00203008 63.87786325
19.74485205 0.00203008 63.87786325
19.74485205 0.00203008 63.87786325
19.74485205 0.00203008 63.87786325
19.74485205 0.00203008 63.87786325
19.74485205 0.00203008 63.87786325
20.22619464 0.00207099 63.00428354
20.22619464 0.00207099 63.00428354
20.22619464 0.00207099 63.00428354
20.22619464 0.00207099 63.00428354
20.22619464 0.00207099 63.00428354
20.22619464 0.00207099 63.00428354
20.22619464 0.00207099 63.00428354
20.22619464 0.00207099 63.00428354
20.22619464 0.00207099 63.00428354
20.22619464 0.00207099 63.00428354
20.22619464 0.00207099 63.00428354
20.22619464 0.00207099 63.00428354
20.22619464 0.00207099 63.00428354
20.22619464 0.00207099 63.00428354
20.22619464 0.00207099 63.00428354
20.22619464 0.00207099 63.00428354
20.22619464 0.00207099 63.00428354
20.22619464 0.00207099 63.00428354
20.22619464 0.00207099 63.00428354
20.22619464 0.00207099 63.00428354
20.22619464 0.00207099 63.00428354
20.22619464 0.00207099 63.00428354
20.22619464 0.00207099 63.00428354
20.22619464 0.00207099 63.00428354
20.41966590 0.00203414 62.42140853
20.41966590 0.00203414 62.42140853
20.23606751 0.00200058 61.32253707
20.23606751 0.00200058 61.32253707
20.23606751 0.00200058 61.32253707
20.23606751 0.00200058 61.32253707
20.23606751 0.00200058 61.32253707
20.23606751 0.00200058 61.32253707
20.23606751 0.00200058 61.32253707
20.23606751 0.00200058 61.32253707
20.23606751 0.00200058 61.32253707
20.23606751 0.00200058 61.32253707
20.23606751 0.00200058 61.32253707
20.23606751 0.00200058 61.32253707
20.23606751 0.00200058 61.32253707
20.23606751 0.00200058 61.32253707
20.23606751 0.00200058 61.32253707
20.23606751 0.00200058 61.32253707
20.23606751 0.00200058 61.32253707
20.23606751 0.00200058 61.32253707
20.23606751 0.00200058 61.32253707
20.23606751 0.00200058 61.32253707
20.23606751 0.00200058 61.32253707
20.23606751 0.00200058 61.32253707
20.23606751 0.00200058 61.32253707
20.23606751 0.00200058 61.32253707
20.23606751 0.00200058 61.32253707
20.23606751 0.00200058 61.32253707
20.23606751 0.00200058 61.32253707
20.23606751 0.00200058 61.32253707
20.23606751 0.00200058 61.32253707
20.23606751 0.00200058 61.32253707
20.23606751 0.00200058 61.32253707
20.23606751 0.00200058 61.32253707
20.23606751 0.00200058 61.32253707
20.23606751 0.00200058 61.32253707
20.23606751 0.00200058 61.32253707
20.23606751 0.00200058 61.32253707
20.23606751 0.00200058 61.32253707
20.23606751 0.00200058 61.32253707
20.23606751 0.00200058 61.32253707
20.23606751 0.00200058 61.32253707
20.23606751 0.00200058 61.32253707
20.23606751 0.00200058 61.32253707
20.23606751 0.00200058 61.32253707
20.23606751 0.00200058 61.32253707
20.23606751 0.00200058 61.32253707
20.23606751 0.00200058 61.32253707
20.23606751 0.00200058 61.32253707
20.23606751 0.00200058 61.32253707
20.23606751 0.00200058 61.32253707
20.23606751 0.00200058 61.32253707
20.23606751 0.00200058 61.32253707
20.23606751 0.00200058 61.32253707
20.23606751 0.00200058 61.32253707
20.23606751 0.00200058 61.32253707
20.23606751 0.00200058 61.32253707
20.23606751 0.00200058 61.32253707
20.23606751 0.00200058 61.32253707
20.23606751 0.00200058 61.32253707
20.23606751 0.00200058 61.32253707
20.23606751 0.00200058 61.32253707
20.23606751 0.00200058 61.32253707
20.23606751 0.00200058 61.32253707
20.23606751 0.00200058 61.32253707
20.23606751 0.00200058 61.32253707
20.23606751 0.00200058 61.32253707
20.23606751 0.00200058 61.32253707
20.23606751 0.00200058 61.32253707
20.23606751 0.00200058 61.32253707
20.23606751 0.00200058 61.32253707
20.23606751 0.00200058 61.32253707
20.23606751 0.00200058 61.32253707
20.23606751 0.00200058 61.32253707
20.23606751 0.00200058 61.32253707
20.23606751 0.00200058 61.32253707
19.95828541 0.00200038 61.42811008
19.95828541 0.00200038 61.42811008
19.95828541 0.00200038 61.42811008
19.95828541 0.00200038 61.42811008
19.95828541 0.00200038 61.42811008
19.95828541 0.00200038 61.42811008
19.95828541 0.00200038 61.42811008
19.95828541 0.00200038 61.42811008
19.95828541 0.00200038 61.42811008
19.95828541 0.00200038 61.42811008
19.95828541 0.00200038 61.42811008
19.95828541 0.00200038 61.42811008
19.95828541 0.00200038 61.42811008
19.95828541 0.00200038 61.42811008
19.95828541 0.00200038 61.42811008
19.95828541 0.00200038 61.42811008
19.95828541 0.00200038 61.42811008
19.95828541 0.00200038 61.42811008
19.95828541 0.00200038 61.42811008
19.95828541 0.00200038 61.42811008
19.95828541 0.00200038 61.42811008
19.95828541 0.00200038 61.42811008
19.95828541 0.00200038 61.42811008
19.95828541 0.00200038 61.42811008
20.05340154 0.00195101 62.28449807
20.05340154 0.00195101 62.28449807
20.05340154 0.00195101 62.28449807
20.05340154 0.00195101 62.28449807
20.05340154 0.00195101 62.28449807
20.05340154 0.00195101 62.28449807
20.05340154 0.00195101 62.28449807
20.05340154 0.00195101 62.28449807
20.05340154 0.00195101 62.28449807
20.05340154 0.00195101 62.28449807
20.05340154 0.00195101 62.28449807
20.05340154 0.00195101 62.28449807
20.05340154 0.00195101 62.28449807
20.05340154 0.00195101 62.28449807
20.05340154 0.00195101 62.28449807
20.05340154 0.00195101 62.28449807
20.05340154 0.00195101 62.28449807
20.05340154 0.00195101 62.28449807
20.05340154 0.00195101 62.28449807
20.05340154 0.00195101 62.28449807
20.05340154 0.00195101 62.28449807
20.05340154 0.00195101 62.28449807
20.05340154 0.00195101 62.28449807
20.05340154 0.00195101 62.28449807
20.05340154 0.00195101 62.28449807
20.05340154 0.00195101 62.28449807
20.05340154 0.00195101 62.28449807
20.05340154 0.00195101 62.28449807
20.05340154 0.00195101 62.28449807
20.05340154 0.00195101 62.28449807
20.05340154 0.00195101 62.28449807
20.05340154 0.00195101 62.28449807
20.05340154 0.00195101 62.28449807
20.05340154 0.00195101 62.28449807
20.05340154 0.00195101 62.28449807
20.05340154 0.00195101 62.28449807
20.05340154 0.00195101 62.28449807
20.05340154 0.00195101 62.28449807
20.05340154 0.00195101 62.28449807
20.05340154 0.00195101 62.28449807
20.05340154 0.00195101 62.28449807
20.05340154 0.00195101 62.28449807
20.05340154 0.00195101 62.28449807
20.05340154 0.00195101 62.28449807
20.05340154 0.00195101 62.28449807
20.05340154 0.00195101 62.28449807
20.05340154 0.00195101 62.28449807
20.05340154 0.00195101 62.28449807
20.05340154 0.00195101 62.28449807
20.05340154 0.00195101 62.28449807
20.05340154 0.00195101 62.28449807
20.05340154 0.00195101 62.28449807
20.05340154 0.00195101 62.28449807
20.05340154 0.00195101 62.28449807
20.05340154 0.00195101 62.28449807
20.05340154 0.00195101 62.28449807
20.05340154 0.00195101 62.28449807
20.05340154 0.00195101 62.28449807
20.05340154 0.00195101 62.28449807
20.05340154 0.00195101 62.28449807
20.05340154 0.00195101 62.28449807
20.05340154 0.00195101 62.28449807
20.05340154 0.00195101 62.28449807
20.05340154 0.00195101 62.28449807
20.05340154 0.00195101 62.28449807
20.05340154 0.00195101 62.28449807
20.05340154 0.00195101 62.28449807
20.05340154 0.00195101 62.28449807
20.05340154 0.00195101 62.28449807
20.05340154 0.00195101 62.28449807
20.05340154 0.00195101 62.28449807
20.05340154 0.00195101 62.28449807
20.05340154 0.00195101 62.28449807
20.05340154 0.00195101 62.28449807
20.05340154 0.00195101 62.28449807
20.05340154 0.00195101 62.28449807
20.29471776 0.00189772 65.95398555
20.29471776 0.00189772 65.95398555
20.29471776 0.00189772 65.95398555
20.29471776 0.00189772 65.95398555
20.29471776 0.00189772 65.95398555
20.29471776 0.00189772 65.95398555
20.29471776 0.00189772 65.95398555
20.29471776 0.00189772 65.95398555
20.29471776 0.00189772 65.95398555
20.29471776 0.00189772 65.95398555
20.29471776 0.00189772 65.95398555
20.29471776 0.00189772 65.95398555
20.29471776 0.00189772 65.95398555
20.29471776 0.00189772 65.95398555
20.29471776 0.00189772 65.95398555
20.29471776 0.00189772 65.95398555
20.29471776 0.00189772 65.95398555
20.29471776 0.00189772 65.95398555
20.29471776 0.00189772 65.95398555
20.29471776 0.00189772 65.95398555
20.29471776 0.00189772 65.95398555
20.29471776 0.00189772 65.95398555
20.29471776 0.00189772 65.95398555
19.96515718 0.00180955 69.92026753
19.81949300 0.00171649 79.75569521
19.81949300 0.00171649 79.75569521
19.81949300 0.00171649 79.75569521
19.81949300 0.00171649 79.75569521
19.81949300 0.00171649 79.75569521
19.81949300 0.00171649 79.75569521
19.81949300 0.00171649 79.75569521
19.81949300 0.00171649 79.75569521
19.81949300 0.00171649 79.75569521
19.81949300 0.00171649 79.75569521
19.81949300 0.00171649 79.75569521
19.81949300 0.00171649 79.75569521
19.81949300 0.00171649 79.75569521
19.81949300 0.00171649 79.75569521
19.81949300 0.00171649 79.75569521
19.81949300 0.00171649 79.75569521
19.81949300 0.00171649 79.75569521
19.81949300 0.00171649 79.75569521
19.81949300 0.00171649 79.75569521
19.81949300 0.00171649 79.75569521
19.81949300 0.00171649 79.75569521
19.81949300 0.00171649 79.75569521
19.81949300 0.00171649 79.75569521
19.81949300 0.00171649 79.75569521
19.81949300 0.00171649 79.75569521
19.81949300 0.00171649 79.75569521
19.81949300 0.00171649 79.75569521
19.81949300 0.00171649 79.75569521
19.81949300 0.00171649 79.75569521
19.81949300 0.00171649 79.75569521
19.81949300 0.00171649 79.75569521
19.81949300 0.00171649 79.75569521
19.81949300 0.00171649 79.75569521
19.81949300 0.00171649 79.75569521
19.81949300 0.00171649 79.75569521
19.81949300 0.00171649 79.75569521
19.81949300 0.00171649 79.75569521
19.81949300 0.00171649 79.75569521
19.81949300 0.00171649 79.75569521
19.81949300 0.00171649 79.75569521
19.81949300 0.00171649 79.75569521
19.81949300 0.00171649 79.75569521
19.81949300 0.00171649 79.75569521
19.81949300 0.00171649 79.75569521
19.81949300 0.00171649 79.75569521
19.81949300 0.00171649 79.75569521
19.81949300 0.00171649 79.75569521
19.81949300 0.00171649 79.75569521
19.81949300 0.00171649 79.75569521
19.81949300 0.00171649 79.75569521
19.81949300 0.00171649 79.75569521
19.81949300 0.00171649 79.75569521
19.81949300 0.00171649 79.75569521
19.81949300 0.00171649 79.75569521
19.81949300 0.00171649 79.75569521
19.81949300 0.00171649 79.75569521
19.81949300 0.00171649 79.75569521
19.81949300 0.00171649 79.75569521
19.81949300 0.00171649 79.75569521
19.81949300 0.00171649 79.75569521
19.81949300 0.00171649 79.75569521
19.81949300 0.00171649 79.75569521
19.81949300 0.00171649 79.75569521
19.81949300 0.00171649 79.75569521
19.81949300 0.00171649 79.75569521
19.81949300 0.00171649 79.75569521
19.81949300 0.00171649 79.75569521
19.81949300 0.00171649 79.75569521
19.81949300 0.00171649 79.75569521
19.81949300 0.00171649 79.75569521
19.81949300 0.00171649 79.75569521
19.81949300 0.00171649 79.75569521
19.81949300 0.00171649 79.75569521
19.81949300 0.00171649 79.75569521
19.81949300 0.00171649 79.75569521
19.81949300 0.00171649 79.75569521
20.37943254 0.00201959 63.19805655
20.37943254 0.00201959 63.19805655
20.37943254 0.00201959 63.19805655
20.37943254 0.00201959 63.19805655
20.37943254 0.00201959 63.19805655
20.37943254 0.00201959 63.19805655
20.37943254 0.00201959 63.19805655
20.37943254 0.00201959 63.19805655
20.37943254 0.00201959 63.19805655
20.37943254 0.00201959 63.19805655
20.37943254 0.00201959 63.19805655
20.37943254 0.00201959 63.19805655
20.37943254 0.00201959 63.19805655
20.37943254 0.00201959 63.19805655
20.37943254 0.00201959 63.19805655
20.37943254 0.00201959 63.19805655
20.37943254 0.00201959 63.19805655
20.37943254 0.00201959 63.19805655
20.37943254 0.00201959 63.19805655
20.37943254 0.00201959 63.19805655
20.37943254 0.00201959 63.19805655
20.37943254 0.00201959 63.19805655
20.37943254 0.00201959 63.19805655
20.70901411 0.00199471 63.15894463
20.70901411 0.00199471 63.15894463
20.70901411 0.00199471 63.15894463
20.70901411 0.00199471 63.15894463
20.70901411 0.00199471 63.15894463
20.70901411 0.00199471 63.15894463
20.70901411 0.00199471 63.15894463
20.70901411 0.00199471 63.15894463
20.70901411 0.00199471 63.15894463
20.70901411 0.00199471 63.15894463
20.70901411 0.00199471 63.15894463
20.70901411 0.00199471 63.15894463
20.70901411 0.00199471 63.15894463
20.70901411 0.00199471 63.15894463
20.70901411 0.00199471 63.15894463
20.70901411 0.00199471 63.15894463
20.70901411 0.00199471 63.15894463
20.70901411 0.00199471 63.15894463
20.70901411 0.00199471 63.15894463
20.70901411 0.00199471 63.15894463
20.70901411 0.00199471 63.15894463
20.70901411 0.00199471 63.15894463
20.70901411 0.00199471 63.15894463
20.70901411 0.00199471 63.15894463
20.70901411 0.00199471 63.15894463
20.70901411 0.00199471 63.15894463
20.70901411 0.00199471 63.15894463
20.70901411 0.00199471 63.15894463
20.70901411 0.00199471 63.15894463
20.70901411 0.00199471 63.15894463
20.70901411 0.00199471 63.15894463
20.70901411 0.00199471 63.15894463
20.70901411 0.00199471 63.15894463
20.70901411 0.00199471 63.15894463
20.70901411 0.00199471 63.15894463
20.70901411 0.00199471 63.15894463
20.70901411 0.00199471 63.15894463
20.70901411 0.00199471 63.15894463
20.70901411 0.00199471 63.15894463
20.70901411 0.00199471 63.15894463
20.70901411 0.00199471 63.15894463
20.70901411 0.00199471 63.15894463
20.70901411 0.00199471 63.15894463
20.70901411 0.00199471 63.15894463
20.70901411 0.00199471 63.15894463
20.70901411 0.00199471 63.15894463
20.70901411 0.00199471 63.15894463
20.70901411 0.00199471 63.15894463
20.70901411 0.00199471 63.15894463
20.70901411 0.00199471 63.15894463
20.70901411 0.00199471 63.15894463
20.70901411 0.00199471 63.15894463
20.70901411 0.00199471 63.15894463
20.70901411 0.00199471 63.15894463
20.70901411 0.00199471 63.15894463
20.70901411 0.00199471 63.15894463
20.70901411 0.00199471 63.15894463
20.70901411 0.00199471 63.15894463
20.70901411 0.00199471 63.15894463
20.70901411 0.00199471 63.15894463
20.70901411 0.00199471 63.15894463
20.70901411 0.00199471 63.15894463
20.70901411 0.00199471 63.15894463
20.70901411 0.00199471 63.15894463
20.70901411 0.00199471 63.15894463
20.70901411 0.00199471 63.15894463
20.70901411 0.00199471 63.15894463
20.70901411 0.00199471 63.15894463
20.70901411 0.00199471 63.15894463
20.70901411 0.00199471 63.15894463
20.70901411 0.00199471 63.15894463
20.70901411 0.00199471 63.15894463
20.70901411 0.00199471 63.15894463
20.70901411 0.00199471 63.15894463
20.70901411 0.00199471 63.15894463
20.70901411 0.00199471 63.15894463
20.70901411 0.00199471 63.15894463
20.15484528 0.00195610 59.98176517
20.15484528 0.00195610 59.98176517
20.15484528 0.00195610 59.98176517
20.15484528 0.00195610 59.98176517
20.15484528 0.00195610 59.98176517
20.15484528 0.00195610 59.98176517
20.15484528 0.00195610 59.98176517
20.15484528 0.00195610 59.98176517
20.15484528 0.00195610 59.98176517
20.15484528 0.00195610 59.98176517
20.15484528 0.00195610 59.98176517
20.15484528 0.00195610 59.98176517
20.15484528 0.00195610 59.98176517
20.15484528 0.00195610 59.98176517
20.15484528 0.00195610 59.98176517
20.15484528 0.00195610 59.98176517
20.15484528 0.00195610 59.98176517
20.15484528 0.00195610 59.98176517
20.15484528 0.00195610 59.98176517
20.15484528 0.00195610 59.98176517
20.15484528 0.00195610 59.98176517
20.15484528 0.00195610 59.98176517
20.15484528 0.00195610 59.98176517
20.12873148 0.00191405 58.87552623
19.97198926 0.00189226 57.71851679
19.97198926 0.00189226 57.71851679
19.97198926 0.00189226 57.71851679
19.97198926 0.00189226 57.71851679
19.97198926 0.00189226 57.71851679
19.97198926 0.00189226 57.71851679
19.97198926 0.00189226 57.71851679
19.97198926 0.00189226 57.71851679
19.97198926 0.00189226 57.71851679
19.97198926 0.00189226 57.71851679
19.97198926 0.00189226 57.71851679
19.97198926 0.00189226 57.71851679
19.97198926 0.00189226 57.71851679
19.97198926 0.00189226 57.71851679
19.97198926 0.00189226 57.71851679
19.97198926 0.00189226 57.71851679
19.97198926 0.00189226 57.71851679
19.97198926 0.00189226 57.71851679
19.97198926 0.00189226 57.71851679
19.97198926 0.00189226 57.71851679
19.97198926 0.00189226 57.71851679
19.97198926 0.00189226 57.71851679
19.97198926 0.00189226 57.71851679
19.97198926 0.00189226 57.71851679
19.97198926 0.00189226 57.71851679
19.97198926 0.00189226 57.71851679
19.97198926 0.00189226 57.71851679
19.97198926 0.00189226 57.71851679
19.97198926 0.00189226 57.71851679
19.97198926 0.00189226 57.71851679
19.97198926 0.00189226 57.71851679
19.97198926 0.00189226 57.71851679
19.97198926 0.00189226 57.71851679
19.97198926 0.00189226 57.71851679
19.97198926 0.00189226 57.71851679
19.97198926 0.00189226 57.71851679
19.97198926 0.00189226 57.71851679
19.97198926 0.00189226 57.71851679
19.97198926 0.00189226 57.71851679
19.97198926 0.00189226 57.71851679
19.97198926 0.00189226 57.71851679
19.97198926 0.00189226 57.71851679
19.97198926 0.00189226 57.71851679
19.97198926 0.00189226 57.71851679
19.97198926 0.00189226 57.71851679
19.97198926 0.00189226 57.71851679
19.97198926 0.00189226 57.71851679
19.97198926 0.00189226 57.71851679
19.97198926 0.00189226 57.71851679
19.97198926 0.00189226 57.71851679
19.97198926 0.00189226 57.71851679
19.97198926 0.00189226 57.71851679
19.97198926 0.00189226 57.71851679
19.97198926 0.00189226 57.71851679
19.97198926 0.00189226 57.71851679
19.97198926 0.00189226 57.71851679
19.97198926 0.00189226 57.71851679
19.97198926 0.00189226 57.71851679
19.97198926 0.00189226 57.71851679
19.97198926 0.00189226 57.71851679
19.97198926 0.00189226 57.71851679
19.97198926 0.00189226 57.71851679
19.97198926 0.00189226 57.71851679
19.97198926 0.00189226 57.71851679
19.97198926 0.00189226 57.71851679
19.97198926 0.00189226 57.71851679
19.97198926 0.00189226 57.71851679
19.97198926 0.00189226 57.71851679
19.97198926 0.00189226 57.71851679
19.97198926 0.00189226 57.71851679
19.97198926 0.00189226 57.71851679
19.97198926 0.00189226 57.71851679
19.97198926 0.00189226 57.71851679
19.97198926 0.00189226 57.71851679
19.97198926 0.00189226 57.71851679
19.97198926 0.00189226 57.71851679
20.23920542 0.00196138 61.26551217
20.23920542 0.00196138 61.26551217
20.23920542 0.00196138 61.26551217
20.23920542 0.00196138 61.26551217
20.23920542 0.00196138 61.26551217
20.23920542 0.00196138 61.26551217
20.23920542 0.00196138 61.26551217
20.23920542 0.00196138 61.26551217
20.23920542 0.00196138 61.26551217
20.23920542 0.00196138 61.26551217
20.23920542 0.00196138 61.26551217
20.23920542 0.00196138 61.26551217
20.23920542 0.00196138 61.26551217
20.23920542 0.00196138 61.26551217
20.23920542 0.00196138 61.26551217
20.23920542 0.00196138 61.26551217
20.23920542 0.00196138 61.26551217
20.23920542 0.00196138 61.26551217
20.23920542 0.00196138 61.26551217
20.23920542 0.00196138 61.26551217
20.23920542 0.00196138 61.26551217
20.23920542 0.00196138 61.26551217
20.23920542 0.00196138 61.26551217
20.15626934 0.00191543 63.88472788
20.15038530 0.00190067 63.15770143
20.15038530 0.00190067 63.15770143
20.15038530 0.00190067 63.15770143
20.15038530 0.00190067 63.15770143
20.15038530 0.00190067 63.15770143
20.15038530 0.00190067 63.15770143
20.15038530 0.00190067 63.15770143
20.15038530 0.00190067 63.15770143
20.15038530 0.00190067 63.15770143
20.15038530 0.00190067 63.15770143
20.15038530 0.00190067 63.15770143
20.15038530 0.00190067 63.15770143
20.15038530 0.00190067 63.15770143
20.15038530 0.00190067 63.15770143
20.15038530 0.00190067 63.15770143
20.15038530 0.00190067 63.15770143
20.15038530 0.00190067 63.15770143
20.15038530 0.00190067 63.15770143
20.15038530 0.00190067 63.15770143
20.15038530 0.00190067 63.15770143
20.15038530 0.00190067 63.15770143
20.15038530 0.00190067 63.15770143
20.15038530 0.00190067 63.15770143
20.15038530 0.00190067 63.15770143
20.15038530 0.00190067 63.15770143
20.15038530 0.00190067 63.15770143
20.15038530 0.00190067 63.15770143
20.15038530 0.00190067 63.15770143
20.15038530 0.00190067 63.15770143
20.15038530 0.00190067 63.15770143
20.15038530 0.00190067 63.15770143
20.15038530 0.00190067 63.15770143
20.15038530 0.00190067 63.15770143
20.15038530 0.00190067 63.15770143
20.15038530 0.00190067 63.15770143
20.15038530 0.00190067 63.15770143
20.15038530 0.00190067 63.15770143
20.15038530 0.00190067 63.15770143
20.15038530 0.00190067 63.15770143
20.15038530 0.00190067 63.15770143
20.15038530 0.00190067 63.15770143
20.15038530 0.00190067 63.15770143
20.15038530 0.00190067 63.15770143
20.15038530 0.00190067 63.15770143
20.15038530 0.00190067 63.15770143
20.15038530 0.00190067 63.15770143
20.15038530 0.00190067 63.15770143
20.15038530 0.00190067 63.15770143
20.15038530 0.00190067 63.15770143
20.15038530 0.00190067 63.15770143
20.15038530 0.00190067 63.15770143
20.15038530 0.00190067 63.15770143
20.15038530 0.00190067 63.15770143
20.15038530 0.00190067 63.15770143
20.15038530 0.00190067 63.15770143
20.15038530 0.00190067 63.15770143
20.15038530 0.00190067 63.15770143
20.15038530 0.00190067 63.15770143
20.15038530 0.00190067 63.15770143
20.15038530 0.00190067 63.15770143
20.15038530 0.00190067 63.15770143
20.15038530 0.00190067 63.15770143
20.15038530 0.00190067 63.15770143
20.15038530 0.00190067 63.15770143
20.15038530 0.00190067 63.15770143
20.15038530 0.00190067 63.15770143
20.15038530 0.00190067 63.15770143
20.15038530 0.00190067 63.15770143
20.15038530 0.00190067 63.15770143
20.15038530 0.00190067 63.15770143
20.15038530 0.00190067 63.15770143
20.15038530 0.00190067 63.15770143
20.15038530 0.00190067 63.15770143
20.15038530 0.00190067 63.15770143
20.15038530 0.00190067 63.15770143
20.15038530 0.00190067 63.15770143
20.17171070 0.00195308 65.27344529
20.17171070 0.00195308 65.27344529
20.17171070 0.00195308 65.27344529
20.17171070 0.00195308 65.27344529
20.17171070 0.00195308 65.27344529
20.17171070 0.00195308 65.27344529
20.17171070 0.00195308 65.27344529
20.17171070 0.00195308 65.27344529
20.17171070 0.00195308 65.27344529
20.17171070 0.00195308 65.27344529
20.17171070 0.00195308 65.27344529
20.17171070 0.00195308 65.27344529
20.17171070 0.00195308 65.27344529
20.17171070 0.00195308 65.27344529
20.17171070 0.00195308 65.27344529
20.17171070 0.00195308 65.27344529
20.17171070 0.00195308 65.27344529
20.17171070 0.00195308 65.27344529
20.17171070 0.00195308 65.27344529
20.17171070 0.00195308 65.27344529
20.17171070 0.00195308 65.27344529
20.17171070 0.00195308 65.27344529
20.17171070 0.00195308 65.27344529
20.16856798 0.00194628 65.40433401
20.16856798 0.00194628 65.40433401
20.16856798 0.00194628 65.40433401
20.16856798 0.00194628 65.40433401
20.16856798 0.00194628 65.40433401
20.16856798 0.00194628 65.40433401
20.16856798 0.00194628 65.40433401
20.16856798 0.00194628 65.40433401
20.16856798 0.00194628 65.40433401
20.16856798 0.00194628 65.40433401
20.16856798 0.00194628 65.40433401
20.16856798 0.00194628 65.40433401
20.16856798 0.00194628 65.40433401
20.16856798 0.00194628 65.40433401
20.16856798 0.00194628 65.40433401
20.16856798 0.00194628 65.40433401
20.16856798 0.00194628 65.40433401
20.16856798 0.00194628 65.40433401
20.16856798 0.00194628 65.40433401
20.16856798 0.00194628 65.40433401
20.16856798 0.00194628 65.40433401
20.16856798 0.00194628 65.40433401
20.16856798 0.00194628 65.40433401
20.16856798 0.00194628 65.40433401
20.16856798 0.00194628 65.40433401
20.16856798 0.00194628 65.40433401
20.16856798 0.00194628 65.40433401
20.16856798 0.00194628 65.40433401
20.16856798 0.00194628 65.40433401
20.16856798 0.00194628 65.40433401
20.16856798 0.00194628 65.40433401
20.16856798 0.00194628 65.40433401
20.16856798 0.00194628 65.40433401
20.16856798 0.00194628 65.40433401
20.16856798 0.00194628 65.40433401
20.16856798 0.00194628 65.40433401
20.16856798 0.00194628 65.40433401
20.16856798 0.00194628 65.40433401
20.16856798 0.00194628 65.40433401
20.16856798 0.00194628 65.40433401
20.16856798 0.00194628 65.40433401
20.16856798 0.00194628 65.40433401
20.16856798 0.00194628 65.40433401
20.16856798 0.00194628 65.40433401
20.16856798 0.00194628 65.40433401
20.16856798 0.00194628 65.40433401
20.16856798 0.00194628 65.40433401
20.16856798 0.00194628 65.40433401
20.16856798 0.00194628 65.40433401
20.16856798 0.00194628 65.40433401
20.16856798 0.00194628 65.40433401
20.16856798 0.00194628 65.40433401
20.16856798 0.00194628 65.40433401
20.16856798 0.00194628 65.40433401
20.16856798 0.00194628 65.40433401
20.16856798 0.00194628 65.40433401
20.16856798 0.00194628 65.40433401
20.16856798 0.00194628 65.40433401
20.16856798 0.00194628 65.40433401
20.16856798 0.00194628 65.40433401
20.16856798 0.00194628 65.40433401
20.16856798 0.00194628 65.40433401
20.16856798 0.00194628 65.40433401
20.16856798 0.00194628 65.40433401
20.16856798 0.00194628 65.40433401
20.16856798 0.00194628 65.40433401
20.16856798 0.00194628 65.40433401
20.16856798 0.00194628 65.40433401
20.16856798 0.00194628 65.40433401
20.16856798 0.00194628 65.40433401
20.16856798 0.00194628 65.40433401
20.16856798 0.00194628 65.40433401
20.16856798 0.00194628 65.40433401
20.16856798 0.00194628 65.40433401
20.16856798 0.00194628 65.40433401
20.16856798 0.00194628 65.40433401
20.16856798 0.00194628 65.40433401
20.04920144 0.00192709 61.90152348
20.04920144 0.00192709 61.90152348
20.04920144 0.00192709 61.90152348
20.04920144 0.00192709 61.90152348
20.04920144 0.00192709 61.90152348
20.04920144 0.00192709 61.90152348
20.04920144 0.00192709 61.90152348
20.04920144 0.00192709 61.90152348
20.04920144 0.00192709 61.90152348
20.04920144 0.00192709 61.90152348
20.04920144 0.00192709 61.90152348
20.04920144 0.00192709 61.90152348
20.04920144 0.00192709 61.90152348
20.04920144 0.00192709 61.90152348
20.04920144 0.00192709 61.90152348
20.04920144 0.00192709 61.90152348
20.04920144 0.00192709 61.90152348
20.04920144 0.00192709 61.90152348
20.04920144 0.00192709 61.90152348
20.04920144 0.00192709 61.90152348
20.04920144 0.00192709 61.90152348
20.04920144 0.00192709 61.90152348
20.04920144 0.00192709 61.90152348
20.04920144 0.00192709 61.90152348
20.04920144 0.00192709 61.90152348
20.04920144 0.00192709 61.90152348
20.04920144 0.00192709 61.90152348
20.04920144 0.00192709 61.90152348
20.04920144 0.00192709 61.90152348
20.04920144 0.00192709 61.90152348
20.04920144 0.00192709 61.90152348
20.04920144 0.00192709 61.90152348
20.04920144 0.00192709 61.90152348
20.04920144 0.00192709 61.90152348
20.04920144 0.00192709 61.90152348
20.04920144 0.00192709 61.90152348
20.04920144 0.00192709 61.90152348
20.04920144 0.00192709 61.90152348
20.04920144 0.00192709 61.90152348
20.04920144 0.00192709 61.90152348
20.04920144 0.00192709 61.90152348
20.04920144 0.00192709 61.90152348
20.04920144 0.00192709 61.90152348
20.04920144 0.00192709 61.90152348
20.04920144 0.00192709 61.90152348
20.04920144 0.00192709 61.90152348
20.04920144 0.00192709 61.90152348
20.04920144 0.00192709 61.90152348
20.04920144 0.00192709 61.90152348
20.04920144 0.00192709 61.90152348
20.04920144 0.00192709 61.90152348
20.04920144 0.00192709 61.90152348
20.04920144 0.00192709 61.90152348
20.04920144 0.00192709 61.90152348
20.04920144 0.00192709 61.90152348
20.04920144 0.00192709 61.90152348
20.04920144 0.00192709 61.90152348
20.04920144 0.00192709 61.90152348
20.04920144 0.00192709 61.90152348
20.04920144 0.00192709 61.90152348
20.04920144 0.00192709 61.90152348
20.04920144 0.00192709 61.90152348
20.04920144 0.00192709 61.90152348
20.04920144 0.00192709 61.90152348
20.04920144 0.00192709 61.90152348
20.04920144 0.00192709 61.90152348
20.04920144 0.00192709 61.90152348
20.04920144 0.00192709 61.90152348
20.04920144 0.00192709 61.90152348
20.04920144 0.00192709 61.90152348
20.04920144 0.00192709 61.90152348
20.04920144 0.00192709 61.90152348
20.04920144 0.00192709 61.90152348
20.04920144 0.00192709 61.90152348
20.04920144 0.00192709 61.90152348
20.04920144 0.00192709 61.90152348
20.04920144 0.00192709 61.90152348
20.04920144 0.00192709 61.90152348
20.04920144 0.00192709 61.90152348
20.04920144 0.00192709 61.90152348
20.04920144 0.00192709 61.90152348
20.04920144 0.00192709 61.90152348
20.04920144 0.00192709 61.90152348
20.04920144 0.00192709 61.90152348
20.04920144 0.00192709 61.90152348
20.04920144 0.00192709 61.90152348
20.04920144 0.00192709 61.90152348
20.04920144 0.00192709 61.90152348
20.04920144 0.00192709 61.90152348
20.04920144 0.00192709 61.90152348
20.04920144 0.00192709 61.90152348
20.04920144 0.00192709 61.90152348
20.04920144 0.00192709 61.90152348
20.04920144 0.00192709 61.90152348
20.04920144 0.00192709 61.90152348
20.04920144 0.00192709 61.90152348
20.04920144 0.00192709 61.90152348
20.04920144 0.00192709 61.90152348
20.04920144 0.00192709 61.90152348
20.04920144 0.00192709 61.90152348
19.80335658 0.00193359 59.64542629
19.80335658 0.00193359 59.64542629
19.80335658 0.00193359 59.64542629
19.80335658 0.00193359 59.64542629
19.80335658 0.00193359 59.64542629
19.80335658 0.00193359 59.64542629
19.80335658 0.00193359 59.64542629
19.80335658 0.00193359 59.64542629
19.80335658 0.00193359 59.64542629
19.80335658 0.00193359 59.64542629
19.80335658 0.00193359 59.64542629
19.80335658 0.00193359 59.64542629
19.80335658 0.00193359 59.64542629
19.80335658 0.00193359 59.64542629
19.80335658 0.00193359 59.64542629
19.80335658 0.00193359 59.64542629
19.80335658 0.00193359 59.64542629
19.80335658 0.00193359 59.64542629
19.80335658 0.00193359 59.64542629
19.80335658 0.00193359 59.64542629
19.80335658 0.00193359 59.64542629
19.80335658 0.00193359 59.64542629
19.76577274 0.00191739 59.21296901
19.75136405 0.00191199 58.42149412
19.75136405 0.00191199 58.42149412
19.75136405 0.00191199 58.42149412
19.75136405 0.00191199 58.42149412
19.75136405 0.00191199 58.42149412
19.75136405 0.00191199 58.42149412
19.75136405 0.00191199 58.42149412
19.75136405 0.00191199 58.42149412
19.75136405 0.00191199 58.42149412
19.75136405 0.00191199 58.42149412
19.75136405 0.00191199 58.42149412
19.75136405 0.00191199 58.42149412
19.75136405 0.00191199 58.42149412
19.75136405 0.00191199 58.42149412
19.75136405 0.00191199 58.42149412
19.75136405 0.00191199 58.42149412
19.75136405 0.00191199 58.42149412
19.75136405 0.00191199 58.42149412
19.75136405 0.00191199 58.42149412
19.75136405 0.00191199 58.42149412
19.75136405 0.00191199 58.42149412
19.75136405 0.00191199 58.42149412
19.75136405 0.00191199 58.42149412
19.75136405 0.00191199 58.42149412
19.75136405 0.00191199 58.42149412
19.75136405 0.00191199 58.42149412
19.75136405 0.00191199 58.42149412
19.75136405 0.00191199 58.42149412
19.75136405 0.00191199 58.42149412
19.75136405 0.00191199 58.42149412
19.75136405 0.00191199 58.42149412
19.75136405 0.00191199 58.42149412
19.75136405 0.00191199 58.42149412
19.75136405 0.00191199 58.42149412
19.75136405 0.00191199 58.42149412
19.75136405 0.00191199 58.42149412
19.75136405 0.00191199 58.42149412
19.75136405 0.00191199 58.42149412
19.75136405 0.00191199 58.42149412
19.75136405 0.00191199 58.42149412
19.75136405 0.00191199 58.42149412
19.75136405 0.00191199 58.42149412
19.75136405 0.00191199 58.42149412
19.75136405 0.00191199 58.42149412
19.75136405 0.00191199 58.42149412
19.75136405 0.00191199 58.42149412
19.75136405 0.00191199 58.42149412
19.75136405 0.00191199 58.42149412
19.75136405 0.00191199 58.42149412
19.75136405 0.00191199 58.42149412
19.75136405 0.00191199 58.42149412
19.75136405 0.00191199 58.42149412
19.75136405 0.00191199 58.42149412
19.75136405 0.00191199 58.42149412
19.75136405 0.00191199 58.42149412
19.75136405 0.00191199 58.42149412
19.75136405 0.00191199 58.42149412
19.75136405 0.00191199 58.42149412
19.75136405 0.00191199 58.42149412
19.75136405 0.00191199 58.42149412
19.75136405 0.00191199 58.42149412
19.75136405 0.00191199 58.42149412
19.75136405 0.00191199 58.42149412
19.75136405 0.00191199 58.42149412
19.75136405 0.00191199 58.42149412
19.75136405 0.00191199 58.42149412
19.75136405 0.00191199 58.42149412
19.75136405 0.00191199 58.42149412
19.75136405 0.00191199 58.42149412
19.75136405 0.00191199 58.42149412
19.75136405 0.00191199 58.42149412
19.75136405 0.00191199 58.42149412
19.75136405 0.00191199 58.42149412
19.75136405 0.00191199 58.42149412
19.75136405 0.00191199 58.42149412
19.75136405 0.00191199 58.42149412
19.75136405 0.00191199 58.42149412
19.61353758 0.00202214 62.06255329
19.61353758 0.00202214 62.06255329
19.61353758 0.00202214 62.06255329
19.61353758 0.00202214 62.06255329
19.61353758 0.00202214 62.06255329
19.61353758 0.00202214 62.06255329
19.61353758 0.00202214 62.06255329
19.61353758 0.00202214 62.06255329
19.61353758 0.00202214 62.06255329
19.61353758 0.00202214 62.06255329
19.61353758 0.00202214 62.06255329
19.61353758 0.00202214 62.06255329
19.61353758 0.00202214 62.06255329
19.61353758 0.00202214 62.06255329
19.61353758 0.00202214 62.06255329
19.61353758 0.00202214 62.06255329
19.61353758 0.00202214 62.06255329
19.61353758 0.00202214 62.06255329
19.61353758 0.00202214 62.06255329
19.61353758 0.00202214 62.06255329
19.61353758 0.00202214 62.06255329
19.61353758 0.00202214 62.06255329
19.61353758 0.00202214 62.06255329
19.61353758 0.00202214 62.06255329
19.61353758 0.00202214 62.06255329
19.61353758 0.00202214 62.06255329
19.61353758 0.00202214 62.06255329
19.61353758 0.00202214 62.06255329
19.61353758 0.00202214 62.06255329
19.61353758 0.00202214 62.06255329
19.61353758 0.00202214 62.06255329
19.61353758 0.00202214 62.06255329
19.61353758 0.00202214 62.06255329
19.61353758 0.00202214 62.06255329
19.61353758 0.00202214 62.06255329
19.61353758 0.00202214 62.06255329
19.61353758 0.00202214 62.06255329
19.61353758 0.00202214 62.06255329
19.61353758 0.00202214 62.06255329
19.61353758 0.00202214 62.06255329
19.61353758 0.00202214 62.06255329
19.61353758 0.00202214 62.06255329
19.61353758 0.00202214 62.06255329
19.61353758 0.00202214 62.06255329
19.61353758 0.00202214 62.06255329
19.61353758 0.00202214 62.06255329
19.61353758 0.00202214 62.06255329
19.61353758 0.00202214 62.06255329
19.61353758 0.00202214 62.06255329
19.61353758 0.00202214 62.06255329
19.61353758 0.00202214 62.06255329
19.61353758 0.00202214 62.06255329
19.61353758 0.00202214 62.06255329
19.61353758 0.00202214 62.06255329
19.61353758 0.00202214 62.06255329
19.61353758 0.00202214 62.06255329
19.61353758 0.00202214 62.06255329
19.61353758 0.00202214 62.06255329
19.61353758 0.00202214 62.06255329
19.61353758 0.00202214 62.06255329
19.61353758 0.00202214 62.06255329
19.61353758 0.00202214 62.06255329
19.61353758 0.00202214 62.06255329
19.61353758 0.00202214 62.06255329
19.61353758 0.00202214 62.06255329
19.61353758 0.00202214 62.06255329
19.61353758 0.00202214 62.06255329
19.61353758 0.00202214 62.06255329
19.61353758 0.00202214 62.06255329
19.61353758 0.00202214 62.06255329
19.61353758 0.00202214 62.06255329
19.61353758 0.00202214 62.06255329
19.61353758 0.00202214 62.06255329
19.61353758 0.00202214 62.06255329
19.61353758 0.00202214 62.06255329
19.61353758 0.00202214 62.06255329
19.61353758 0.00202214 62.06255329
19.61353758 0.00202214 62.06255329
19.61353758 0.00202214 62.06255329
19.61353758 0.00202214 62.06255329
19.61353758 0.00202214 62.06255329
19.61353758 0.00202214 62.06255329
19.61353758 0.00202214 62.06255329
19.61353758 0.00202214 62.06255329
19.61353758 0.00202214 62.06255329
19.61353758 0.00202214 62.06255329
19.61353758 0.00202214 62.06255329
19.61353758 0.00202214 62.06255329
19.61353758 0.00202214 62.06255329
19.61353758 0.00202214 62.06255329
19.61353758 0.00202214 62.06255329
19.61353758 0.00202214 62.06255329
19.61353758 0.00202214 62.06255329
19.61353758 0.00202214 62.06255329
19.61353758 0.00202214 62.06255329
19.61353758 0.00202214 62.06255329
19.61353758 0.00202214 62.06255329
19.61353758 0.00202214 62.06255329
19.61353758 0.00202214 62.06255329
19.61353758 0.00202214 62.06255329
19.97567444 0.00195129 60.57536140
19.97567444 0.00195129 60.57536140
19.97567444 0.00195129 60.57536140
19.97567444 0.00195129 60.57536140
19.97567444 0.00195129 60.57536140
19.97567444 0.00195129 60.57536140
19.97567444 0.00195129 60.57536140
19.97567444 0.00195129 60.57536140
19.97567444 0.00195129 60.57536140
19.97567444 0.00195129 60.57536140
19.97567444 0.00195129 60.57536140
19.97567444 0.00195129 60.57536140
19.97567444 0.00195129 60.57536140
19.97567444 0.00195129 60.57536140
19.97567444 0.00195129 60.57536140
19.97567444 0.00195129 60.57536140
19.97567444 0.00195129 60.57536140
19.97567444 0.00195129 60.57536140
19.97567444 0.00195129 60.57536140
19.97567444 0.00195129 60.57536140
19.97567444 0.00195129 60.57536140
19.97567444 0.00195129 60.57536140
19.97567444 0.00195129 60.57536140
19.99320767 0.00195196 60.62127846
19.99320767 0.00195196 60.62127846
19.99320767 0.00195196 60.62127846
19.99320767 0.00195196 60.62127846
19.99320767 0.00195196 60.62127846
19.99320767 0.00195196 60.62127846
19.99320767 0.00195196 60.62127846
19.99320767 0.00195196 60.62127846
19.99320767 0.00195196 60.62127846
19.99320767 0.00195196 60.62127846
19.99320767 0.00195196 60.62127846
19.99320767 0.00195196 60.62127846
19.99320767 0.00195196 60.62127846
19.99320767 0.00195196 60.62127846
19.99320767 0.00195196 60.62127846
19.99320767 0.00195196 60.62127846
19.99320767 0.00195196 60.62127846
19.99320767 0.00195196 60.62127846
19.99320767 0.00195196 60.62127846
19.99320767 0.00195196 60.62127846
19.99320767 0.00195196 60.62127846
19.99320767 0.00195196 60.62127846
19.99320767 0.00195196 60.62127846
19.99320767 0.00195196 60.62127846
19.99320767 0.00195196 60.62127846
19.99320767 0.00195196 60.62127846
19.99320767 0.00195196 60.62127846
19.99320767 0.00195196 60.62127846
19.99320767 0.00195196 60.62127846
19.99320767 0.00195196 60.62127846
19.99320767 0.00195196 60.62127846
19.99320767 0.00195196 60.62127846
19.99320767 0.00195196 60.62127846
19.99320767 0.00195196 60.62127846
19.99320767 0.00195196 60.62127846
19.99320767 0.00195196 60.62127846
19.99320767 0.00195196 60.62127846
19.99320767 0.00195196 60.62127846
19.99320767 0.00195196 60.62127846
19.99320767 0.00195196 60.62127846
19.99320767 0.00195196 60.62127846
19.99320767 0.00195196 60.62127846
19.99320767 0.00195196 60.62127846
19.99320767 0.00195196 60.62127846
19.99320767 0.00195196 60.62127846
19.99320767 0.00195196 60.62127846
19.99320767 0.00195196 60.62127846
19.99320767 0.00195196 60.62127846
19.99320767 0.00195196 60.62127846
19.99320767 0.00195196 60.62127846
19.99320767 0.00195196 60.62127846
19.99320767 0.00195196 60.62127846
19.99320767 0.00195196 60.62127846
19.99320767 0.00195196 60.62127846
19.99320767 0.00195196 60.62127846
19.99320767 0.00195196 60.62127846
19.99320767 0.00195196 60.62127846
19.99320767 0.00195196 60.62127846
19.99320767 0.00195196 60.62127846
19.99320767 0.00195196 60.62127846
19.99320767 0.00195196 60.62127846
19.99320767 0.00195196 60.62127846
19.99320767 0.00195196 60.62127846
19.99320767 0.00195196 60.62127846
19.99320767 0.00195196 60.62127846
19.99320767 0.00195196 60.62127846
19.99320767 0.00195196 60.62127846
19.99320767 0.00195196 60.62127846
19.99320767 0.00195196 60.62127846
19.99320767 0.00195196 60.62127846
19.99320767 0.00195196 60.62127846
19.99320767 0.00195196 60.62127846
19.99320767 0.00195196 60.62127846
19.99320767 0.00195196 60.62127846
19.99320767 0.00195196 60.62127846
19.99320767 0.00195196 60.62127846
19.99320767 0.00195196 60.62127846
19.51424898 0.00208492 63.30072914
19.51424898 0.00208492 63.30072914
19.51424898 0.00208492 63.30072914
19.51424898 0.00208492 63.30072914
19.51424898 0.00208492 63.30072914
19.51424898 0.00208492 63.30072914
19.51424898 0.00208492 63.30072914
19.51424898 0.00208492 63.30072914
19.51424898 0.00208492 63.30072914
19.51424898 0.00208492 63.30072914
19.51424898 0.00208492 63.30072914
19.51424898 0.00208492 63.30072914
19.51424898 0.00208492 63.30072914
19.51424898 0.00208492 63.30072914
19.51424898 0.00208492 63.30072914
19.51424898 0.00208492 63.30072914
19.51424898 0.00208492 63.30072914
19.51424898 0.00208492 63.30072914
19.51424898 0.00208492 63.30072914
19.51424898 0.00208492 63.30072914
19.51424898 0.00208492 63.30072914
19.51424898 0.00208492 63.30072914
19.51424898 0.00208492 63.30072914
19.51424898 0.00208492 63.30072914
19.51424898 0.00208492 63.30072914
19.51424898 0.00208492 63.30072914
19.51424898 0.00208492 63.30072914
19.51424898 0.00208492 63.30072914
19.51424898 0.00208492 63.30072914
19.51424898 0.00208492 63.30072914
19.51424898 0.00208492 63.30072914
19.51424898 0.00208492 63.30072914
19.51424898 0.00208492 63.30072914
19.51424898 0.00208492 63.30072914
19.51424898 0.00208492 63.30072914
19.51424898 0.00208492 63.30072914
19.51424898 0.00208492 63.30072914
19.51424898 0.00208492 63.30072914
19.51424898 0.00208492 63.30072914
19.51424898 0.00208492 63.30072914
19.51424898 0.00208492 63.30072914
19.51424898 0.00208492 63.30072914
19.51424898 0.00208492 63.30072914
19.51424898 0.00208492 63.30072914
19.51424898 0.00208492 63.30072914
19.51424898 0.00208492 63.30072914
19.51424898 0.00208492 63.30072914
19.51424898 0.00208492 63.30072914
19.51424898 0.00208492 63.30072914
19.51424898 0.00208492 63.30072914
19.51424898 0.00208492 63.30072914
19.51424898 0.00208492 63.30072914
19.51424898 0.00208492 63.30072914
19.51424898 0.00208492 63.30072914
19.51424898 0.00208492 63.30072914
19.51424898 0.00208492 63.30072914
19.51424898 0.00208492 63.30072914
19.51424898 0.00208492 63.30072914
19.51424898 0.00208492 63.30072914
19.51424898 0.00208492 63.30072914
19.51424898 0.00208492 63.30072914
19.51424898 0.00208492 63.30072914
19.51424898 0.00208492 63.30072914
19.51424898 0.00208492 63.30072914
19.51424898 0.00208492 63.30072914
19.51424898 0.00208492 63.30072914
19.51424898 0.00208492 63.30072914
19.51424898 0.00208492 63.30072914
19.51424898 0.00208492 63.30072914
19.51424898 0.00208492 63.30072914
19.51424898 0.00208492 63.30072914
19.51424898 0.00208492 63.30072914
19.51424898 0.00208492 63.30072914
19.51424898 0.00208492 63.30072914
19.51424898 0.00208492 63.30072914
19.51424898 0.00208492 63.30072914
19.51424898 0.00208492 63.30072914
19.51424898 0.00208492 63.30072914
19.51424898 0.00208492 63.30072914
19.51424898 0.00208492 63.30072914
19.51424898 0.00208492 63.30072914
19.51424898 0.00208492 63.30072914
19.51424898 0.00208492 63.30072914
19.51424898 0.00208492 63.30072914
19.51424898 0.00208492 63.30072914
19.51424898 0.00208492 63.30072914
19.51424898 0.00208492 63.30072914
19.51424898 0.00208492 63.30072914
19.51424898 0.00208492 63.30072914
19.51424898 0.00208492 63.30072914
19.51424898 0.00208492 63.30072914
19.51424898 0.00208492 63.30072914
19.51424898 0.00208492 63.30072914
19.51424898 0.00208492 63.30072914
19.51424898 0.00208492 63.30072914
19.51424898 0.00208492 63.30072914
19.51424898 0.00208492 63.30072914
19.51424898 0.00208492 63.30072914
19.51424898 0.00208492 63.30072914
19.51424898 0.00208492 63.30072914
19.81463515 0.00194200 63.32399685
19.81463515 0.00194200 63.32399685
19.81463515 0.00194200 63.32399685
19.81463515 0.00194200 63.32399685
19.81463515 0.00194200 63.32399685
19.81463515 0.00194200 63.32399685
19.81463515 0.00194200 63.32399685
19.81463515 0.00194200 63.32399685
19.81463515 0.00194200 63.32399685
19.81463515 0.00194200 63.32399685
19.81463515 0.00194200 63.32399685
19.81463515 0.00194200 63.32399685
19.81463515 0.00194200 63.32399685
19.81463515 0.00194200 63.32399685
19.81463515 0.00194200 63.32399685
19.81463515 0.00194200 63.32399685
19.81463515 0.00194200 63.32399685
19.81463515 0.00194200 63.32399685
19.81463515 0.00194200 63.32399685
19.81463515 0.00194200 63.32399685
19.81463515 0.00194200 63.32399685
19.81463515 0.00194200 63.32399685
19.83445498 0.00194314 62.98570999
19.83445498 0.00194314 62.98570999
19.83445498 0.00194314 62.98570999
19.29098334 0.00185864 63.50976350
19.29098334 0.00185864 63.50976350
19.29098334 0.00185864 63.50976350
19.29098334 0.00185864 63.50976350
19.29098334 0.00185864 63.50976350
19.29098334 0.00185864 63.50976350
19.29098334 0.00185864 63.50976350
19.29098334 0.00185864 63.50976350
19.29098334 0.00185864 63.50976350
19.29098334 0.00185864 63.50976350
19.29098334 0.00185864 63.50976350
19.29098334 0.00185864 63.50976350
19.29098334 0.00185864 63.50976350
19.29098334 0.00185864 63.50976350
19.29098334 0.00185864 63.50976350
19.29098334 0.00185864 63.50976350
19.29098334 0.00185864 63.50976350
19.29098334 0.00185864 63.50976350
19.29098334 0.00185864 63.50976350
19.29098334 0.00185864 63.50976350
19.29098334 0.00185864 63.50976350
19.29098334 0.00185864 63.50976350
19.29098334 0.00185864 63.50976350
19.29098334 0.00185864 63.50976350
19.29098334 0.00185864 63.50976350
19.29098334 0.00185864 63.50976350
19.29098334 0.00185864 63.50976350
19.29098334 0.00185864 63.50976350
19.29098334 0.00185864 63.50976350
19.29098334 0.00185864 63.50976350
19.29098334 0.00185864 63.50976350
19.29098334 0.00185864 63.50976350
19.29098334 0.00185864 63.50976350
19.29098334 0.00185864 63.50976350
19.29098334 0.00185864 63.50976350
19.29098334 0.00185864 63.50976350
19.29098334 0.00185864 63.50976350
19.29098334 0.00185864 63.50976350
19.29098334 0.00185864 63.50976350
19.29098334 0.00185864 63.50976350
19.29098334 0.00185864 63.50976350
19.29098334 0.00185864 63.50976350
19.29098334 0.00185864 63.50976350
19.29098334 0.00185864 63.50976350
19.29098334 0.00185864 63.50976350
19.29098334 0.00185864 63.50976350
19.29098334 0.00185864 63.50976350
19.29098334 0.00185864 63.50976350
19.29098334 0.00185864 63.50976350
19.29098334 0.00185864 63.50976350
19.29098334 0.00185864 63.50976350
19.29098334 0.00185864 63.50976350
19.29098334 0.00185864 63.50976350
19.29098334 0.00185864 63.50976350
19.29098334 0.00185864 63.50976350
19.29098334 0.00185864 63.50976350
19.29098334 0.00185864 63.50976350
19.29098334 0.00185864 63.50976350
19.29098334 0.00185864 63.50976350
19.29098334 0.00185864 63.50976350
19.29098334 0.00185864 63.50976350
19.29098334 0.00185864 63.50976350
19.29098334 0.00185864 63.50976350
19.29098334 0.00185864 63.50976350
19.29098334 0.00185864 63.50976350
19.29098334 0.00185864 63.50976350
19.29098334 0.00185864 63.50976350
19.29098334 0.00185864 63.50976350
19.29098334 0.00185864 63.50976350
19.29098334 0.00185864 63.50976350
19.29098334 0.00185864 63.50976350
19.29098334 0.00185864 63.50976350
19.29098334 0.00185864 63.50976350
19.29098334 0.00185864 63.50976350
19.29098334 0.00185864 63.50976350
20.64453199 0.00199130 61.74394963
20.64453199 0.00199130 61.74394963
20.64453199 0.00199130 61.74394963
20.64453199 0.00199130 61.74394963
20.64453199 0.00199130 61.74394963
20.64453199 0.00199130 61.74394963
20.64453199 0.00199130 61.74394963
20.64453199 0.00199130 61.74394963
20.64453199 0.00199130 61.74394963
20.64453199 0.00199130 61.74394963
20.64453199 0.00199130 61.74394963
20.64453199 0.00199130 61.74394963
20.64453199 0.00199130 61.74394963
20.64453199 0.00199130 61.74394963
20.64453199 0.00199130 61.74394963
20.64453199 0.00199130 61.74394963
20.64453199 0.00199130 61.74394963
20.64453199 0.00199130 61.74394963
20.64453199 0.00199130 61.74394963
20.64453199 0.00199130 61.74394963
20.64453199 0.00199130 61.74394963
20.64453199 0.00199130 61.74394963
20.64453199 0.00199130 61.74394963
20.64453199 0.00199130 61.74394963
20.64453199 0.00199130 61.74394963
20.64453199 0.00199130 61.74394963
20.64453199 0.00199130 61.74394963
20.64453199 0.00199130 61.74394963
20.64453199 0.00199130 61.74394963
20.64453199 0.00199130 61.74394963
20.64453199 0.00199130 61.74394963
20.64453199 0.00199130 61.74394963
20.64453199 0.00199130 61.74394963
20.64453199 0.00199130 61.74394963
20.64453199 0.00199130 61.74394963
20.64453199 0.00199130 61.74394963
20.64453199 0.00199130 61.74394963
20.64453199 0.00199130 61.74394963
20.64453199 0.00199130 61.74394963
20.64453199 0.00199130 61.74394963
20.64453199 0.00199130 61.74394963
20.64453199 0.00199130 61.74394963
20.64453199 0.00199130 61.74394963
20.64453199 0.00199130 61.74394963
20.64453199 0.00199130 61.74394963
20.64453199 0.00199130 61.74394963
20.64453199 0.00199130 61.74394963
20.64453199 0.00199130 61.74394963
20.64453199 0.00199130 61.74394963
20.64453199 0.00199130 61.74394963
20.64453199 0.00199130 61.74394963
20.64453199 0.00199130 61.74394963
20.64453199 0.00199130 61.74394963
20.64453199 0.00199130 61.74394963
20.64453199 0.00199130 61.74394963
20.64453199 0.00199130 61.74394963
20.64453199 0.00199130 61.74394963
20.64453199 0.00199130 61.74394963
20.64453199 0.00199130 61.74394963
20.64453199 0.00199130 61.74394963
20.64453199 0.00199130 61.74394963
20.64453199 0.00199130 61.74394963
20.64453199 0.00199130 61.74394963
20.64453199 0.00199130 61.74394963
20.64453199 0.00199130 61.74394963
20.64453199 0.00199130 61.74394963
20.64453199 0.00199130 61.74394963
20.64453199 0.00199130 61.74394963
20.64453199 0.00199130 61.74394963
20.64453199 0.00199130 61.74394963
20.64453199 0.00199130 61.74394963
20.64453199 0.00199130 61.74394963
20.64453199 0.00199130 61.74394963
20.64453199 0.00199130 61.74394963
20.64453199 0.00199130 61.74394963
20.64453199 0.00199130 61.74394963
20.64453199 0.00199130 61.74394963
20.64453199 0.00199130 61.74394963
20.64453199 0.00199130 61.74394963
20.64453199 0.00199130 61.74394963
20.64453199 0.00199130 61.74394963
20.64453199 0.00199130 61.74394963
20.64453199 0.00199130 61.74394963
20.64453199 0.00199130 61.74394963
20.64453199 0.00199130 61.74394963
20.64453199 0.00199130 61.74394963
20.64453199 0.00199130 61.74394963
20.64453199 0.00199130 61.74394963
20.64453199 0.00199130 61.74394963
20.64453199 0.00199130 61.74394963
20.64453199 0.00199130 61.74394963
20.64453199 0.00199130 61.74394963
20.64453199 0.00199130 61.74394963
20.64453199 0.00199130 61.74394963
20.64453199 0.00199130 61.74394963
20.64453199 0.00199130 61.74394963
20.64453199 0.00199130 61.74394963
20.64453199 0.00199130 61.74394963
20.64453199 0.00199130 61.74394963
20.64453199 0.00199130 61.74394963
20.39014436 0.00195100 62.56793471
20.39014436 0.00195100 62.56793471
20.39014436 0.00195100 62.56793471
20.39014436 0.00195100 62.56793471
20.39014436 0.00195100 62.56793471
20.39014436 0.00195100 62.56793471
20.39014436 0.00195100 62.56793471
20.39014436 0.00195100 62.56793471
20.39014436 0.00195100 62.56793471
20.39014436 0.00195100 62.56793471
20.39014436 0.00195100 62.56793471
20.39014436 0.00195100 62.56793471
20.39014436 0.00195100 62.56793471
20.39014436 0.00195100 62.56793471
20.39014436 0.00195100 62.56793471
20.39014436 0.00195100 62.56793471
20.39014436 0.00195100 62.56793471
20.39014436 0.00195100 62.56793471
20.39014436 0.00195100 62.56793471
20.39014436 0.00195100 62.56793471
20.39014436 0.00195100 62.56793471
20.39014436 0.00195100 62.56793471
20.39014436 0.00195100 62.56793471
20.32798485 0.00194248 62.45272501
20.06704010 0.00190671 61.96907633
20.06704010 0.00190671 61.96907633
20.06704010 0.00190671 61.96907633
20.06704010 0.00190671 61.96907633
20.06704010 0.00190671 61.96907633
20.06704010 0.00190671 61.96907633
20.06704010 0.00190671 61.96907633
20.06704010 0.00190671 61.96907633
20.06704010 0.00190671 61.96907633
20.06704010 0.00190671 61.96907633
20.06704010 0.00190671 61.96907633
20.06704010 0.00190671 61.96907633
20.06704010 0.00190671 61.96907633
20.06704010 0.00190671 61.96907633
20.06704010 0.00190671 61.96907633
20.06704010 0.00190671 61.96907633
20.06704010 0.00190671 61.96907633
20.06704010 0.00190671 61.96907633
20.06704010 0.00190671 61.96907633
20.06704010 0.00190671 61.96907633
20.06704010 0.00190671 61.96907633
20.06704010 0.00190671 61.96907633
20.06704010 0.00190671 61.96907633
20.06704010 0.00190671 61.96907633
20.06704010 0.00190671 61.96907633
20.06704010 0.00190671 61.96907633
20.06704010 0.00190671 61.96907633
20.06704010 0.00190671 61.96907633
20.06704010 0.00190671 61.96907633
20.06704010 0.00190671 61.96907633
20.06704010 0.00190671 61.96907633
20.06704010 0.00190671 61.96907633
20.06704010 0.00190671 61.96907633
20.06704010 0.00190671 61.96907633
20.06704010 0.00190671 61.96907633
20.06704010 0.00190671 61.96907633
20.06704010 0.00190671 61.96907633
20.06704010 0.00190671 61.96907633
20.06704010 0.00190671 61.96907633
20.06704010 0.00190671 61.96907633
20.06704010 0.00190671 61.96907633
20.06704010 0.00190671 61.96907633
20.06704010 0.00190671 61.96907633
20.06704010 0.00190671 61.96907633
20.06704010 0.00190671 61.96907633
20.06704010 0.00190671 61.96907633
20.06704010 0.00190671 61.96907633
20.06704010 0.00190671 61.96907633
20.06704010 0.00190671 61.96907633
20.06704010 0.00190671 61.96907633
20.06704010 0.00190671 61.96907633
20.06704010 0.00190671 61.96907633
20.06704010 0.00190671 61.96907633
20.06704010 0.00190671 61.96907633
20.06704010 0.00190671 61.96907633
20.06704010 0.00190671 61.96907633
20.06704010 0.00190671 61.96907633
20.06704010 0.00190671 61.96907633
20.06704010 0.00190671 61.96907633
20.06704010 0.00190671 61.96907633
20.06704010 0.00190671 61.96907633
20.06704010 0.00190671 61.96907633
20.06704010 0.00190671 61.96907633
20.06704010 0.00190671 61.96907633
20.06704010 0.00190671 61.96907633
20.06704010 0.00190671 61.96907633
20.06704010 0.00190671 61.96907633
20.06704010 0.00190671 61.96907633
20.06704010 0.00190671 61.96907633
20.06704010 0.00190671 61.96907633
20.06704010 0.00190671 61.96907633
20.06704010 0.00190671 61.96907633
20.06704010 0.00190671 61.96907633
20.06704010 0.00190671 61.96907633
20.06704010 0.00190671 61.96907633
20.06704010 0.00190671 61.96907633
