2.910124105256272926e-03
2.826319247281342418e-03
2.646679132411968848e-03
2.566505641945388948e-03
2.344935590343753731e-03
2.225872362249211797e-03
2.387303579821384390e-03
2.372438782878053334e-03
2.163098680006563662e-03
2.137698260389631240e-03
2.277416029253439070e-03
2.186602845145445111e-03
2.231442324587898807e-03
2.387678326997994070e-03
2.280301764280194023e-03
2.099800743297500563e-03
2.067030842433029668e-03
2.175264303763289799e-03
2.174847049030456930e-03
2.472910723660672223e-03
2.457663666150829498e-03
2.574634924859931385e-03
2.531691063441825987e-03
2.409339376149359415e-03
2.612273610254554380e-03
2.467940279135633509e-03
2.467887075920991921e-03
2.748292180747548708e-03
2.486431308808286986e-03
2.221987858764628773e-03
2.546697131532550586e-03
2.874536634635388097e-03
3.327493356606362005e-03
3.102046352665773984e-03
3.153827190366900735e-03
3.196063466290035952e-03
3.194922186139460829e-03
2.885928206634570409e-03
2.794278247717221168e-03
2.501405791535574880e-03
2.433868042971641926e-03
2.428837124557455159e-03
2.154544909440409689e-03
2.360061462753579916e-03
2.247270431966648212e-03
2.273852880952183415e-03
2.343337360705868844e-03
2.166638554598251682e-03
2.138030704969684156e-03
2.177378149896356391e-03
2.383494609367806973e-03
2.393674546113840496e-03
2.457217781788706510e-03
2.568482100377386061e-03
2.510322184295926337e-03
2.247014275532164228e-03
2.495465407747989549e-03
2.604464344891827248e-03
