2.008115337145092213e-03
2.031650488949435056e-03
2.050464599781560027e-03
2.092610412980043348e-03
2.092844714241602882e-03
2.047826434457972623e-03
2.157690511750358538e-03
2.116045382656572653e-03
2.060068367934968919e-03
2.017504798391835975e-03
2.019296145882379812e-03
2.092033073959846147e-03
2.136157395186997782e-03
2.134027049800729225e-03
2.183464320686105686e-03
2.170048776693675897e-03
2.091512346957175462e-03
2.068021293843314012e-03
2.039763073044783322e-03
2.099261979844124076e-03
2.072635863662143727e-03
2.139257075744162989e-03
2.240427583796398940e-03
2.264082734092159616e-03
2.275744637104909311e-03
2.292177526524546895e-03
2.244895402493578187e-03
2.265549770665229497e-03
2.474911151586370404e-03
2.516672697771074607e-03
2.528162866157487778e-03
2.691895392446676857e-03
2.614811917070855325e-03
2.519195470802078861e-03
2.526404571110103109e-03
2.273298670012316881e-03
2.203484358914333929e-03
2.303071844796617494e-03
2.237913095450886573e-03
2.225173665531383470e-03
2.165616442313074604e-03
2.111463250401900658e-03
2.182048511894043880e-03
2.250475008723970376e-03
2.227427617777946126e-03
2.154307846617019382e-03
2.114287551465276940e-03
2.026971723605396330e-03
2.044681965494077932e-03
2.143140176873128966e-03
2.165470942524128257e-03
2.164440448467301169e-03
2.052018215632957741e-03
2.104053548516530200e-03
2.094173370677320824e-03
2.205247098350289741e-03
2.206824985741213507e-03
2.185299042766201960e-03
