# T_K Q_known Q_missing Q_estimated missing_fraction
2.72500000e+00 1.18899449e+01 0.00000000e+00 1.18899449e+01 0.00000000e+00
2.78300553e+00 1.21738531e+01 0.00000000e+00 1.21738531e+01 0.00000000e+00
2.84224578e+00 1.24683651e+01 0.00000000e+00 1.24683651e+01 0.00000000e+00
2.90274705e+00 1.27739644e+01 0.00000000e+00 1.27739644e+01 0.00000000e+00
2.96453618e+00 1.30911578e+01 0.00000000e+00 1.30911578e+01 0.00000000e+00
3.02764058e+00 1.34204769e+01 0.00000000e+00 1.34204769e+01 0.00000000e+00
3.09208824e+00 1.37624785e+01 0.00000000e+00 1.37624785e+01 0.00000000e+00
3.15790777e+00 1.41177461e+01 0.00000000e+00 1.41177461e+01 0.00000000e+00
3.22512835e+00 1.44868908e+01 0.00000000e+00 1.44868908e+01 0.00000000e+00
3.29377983e+00 1.48705521e+01 0.00000000e+00 1.48705521e+01 0.00000000e+00
3.36389265e+00 1.52693995e+01 0.00000000e+00 1.52693995e+01 0.00000000e+00
3.43549792e+00 1.56841331e+01 0.00000000e+00 1.56841331e+01 0.00000000e+00
3.50862741e+00 1.61154851e+01 0.00000000e+00 1.61154851e+01 0.00000000e+00
3.58331357e+00 1.65642207e+01 0.00000000e+00 1.65642207e+01 0.00000000e+00
3.65958953e+00 1.70311393e+01 0.00000000e+00 1.70311393e+01 0.00000000e+00
3.73748913e+00 1.75170759e+01 0.00000000e+00 1.75170759e+01 0.00000000e+00
3.81704694e+00 1.80229021e+01 0.00000000e+00 1.80229021e+01 0.00000000e+00
3.89829825e+00 1.85495274e+01 0.00000000e+00 1.85495274e+01 0.00000000e+00
3.98127911e+00 1.90979004e+01 0.00000000e+00 1.90979004e+01 0.00000000e+00
4.06602633e+00 1.96690102e+01 0.00000000e+00 1.96690102e+01 0.00000000e+00
4.15257752e+00 2.02638877e+01 0.00000000e+00 2.02638877e+01 0.00000000e+00
4.24097108e+00 2.08836069e+01 0.00000000e+00 2.08836069e+01 0.00000000e+00
4.33124622e+00 2.15292861e+01 0.00000000e+00 2.15292861e+01 0.00000000e+00
4.42344300e+00 2.22020896e+01 0.00000000e+00 2.22020896e+01 0.00000000e+00
4.51760231e+00 2.29032288e+01 0.00000000e+00 2.29032288e+01 0.00000000e+00
4.61376595e+00 2.36339641e+01 0.00000000e+00 2.36339641e+01 0.00000000e+00
4.71197656e+00 2.43956058e+01 0.00000000e+00 2.43956058e+01 0.00000000e+00
4.81227773e+00 2.51895161e+01 0.00000000e+00 2.51895161e+01 0.00000000e+00
4.91471395e+00 2.60171105e+01 0.00000000e+00 2.60171105e+01 0.00000000e+00
5.01933067e+00 2.68798594e+01 0.00000000e+00 2.68798594e+01 0.00000000e+00
5.12617431e+00 2.77792896e+01 0.00000000e+00 2.77792896e+01 0.00000000e+00
5.23529227e+00 2.87169864e+01 0.00000000e+00 2.87169864e+01 0.00000000e+00
5.34673296e+00 2.96945950e+01 0.00000000e+00 2.96945950e+01 0.00000000e+00
5.46054583e+00 3.07138222e+01 0.00000000e+00 3.07138222e+01 0.00000000e+00
5.57678136e+00 3.17764387e+01 0.00000000e+00 3.17764387e+01 0.00000000e+00
5.69549114e+00 3.28842806e+01 0.00000000e+00 3.28842806e+01 0.00000000e+00
5.81672782e+00 3.40392517e+01 0.00000000e+00 3.40392517e+01 0.00000000e+00
5.94054520e+00 3.52433253e+01 0.00000000e+00 3.52433253e+01 0.00000000e+00
6.06699821e+00 3.64985463e+01 0.00000000e+00 3.64985463e+01 0.00000000e+00
6.19614295e+00 3.78070337e+01 0.00000000e+00 3.78070337e+01 0.00000000e+00
6.32803673e+00 3.91709826e+01 0.00000000e+00 3.91709826e+01 0.00000000e+00
6.46273805e+00 4.05926665e+01 0.00000000e+00 4.05926665e+01 0.00000000e+00
6.60030668e+00 4.20744400e+01 0.00000000e+00 4.20744400e+01 0.00000000e+00
6.74080366e+00 4.36187413e+01 0.00000000e+00 4.36187413e+01 0.00000000e+00
6.88429131e+00 4.52280946e+01 0.00000000e+00 4.52280946e+01 0.00000000e+00
7.03083331e+00 4.69051129e+01 0.00000000e+00 4.69051129e+01 0.00000000e+00
7.18049466e+00 4.86525010e+01 0.00000000e+00 4.86525010e+01 0.00000000e+00
7.33334177e+00 5.04730583e+01 0.00000000e+00 5.04730583e+01 0.00000000e+00
7.48944245e+00 5.23696819e+01 0.00000000e+00 5.23696819e+01 0.00000000e+00
7.64886595e+00 5.43453696e+01 0.00000000e+00 5.43453696e+01 0.00000000e+00
7.81168302e+00 5.64032234e+01 0.00000000e+00 5.64032234e+01 0.00000000e+00
7.97796587e+00 5.85464528e+01 0.00000000e+00 5.85464528e+01 0.00000000e+00
8.14778830e+00 6.07783781e+01 4.10782560e-308 6.07783781e+01 6.75869566e-310
8.32122564e+00 6.31024343e+01 1.31354767e-301 6.31024343e+01 2.08161173e-303
8.49835484e+00 6.55221747e+01 3.07533301e-295 6.55221747e+01 4.69357590e-297
8.67925449e+00 6.80412750e+01 5.30606774e-289 6.80412750e+01 7.79830733e-291
8.86400485e+00 7.06635370e+01 6.78970346e-283 7.06635370e+01 9.60849647e-285
9.05268788e+00 7.33928928e+01 6.48383056e-277 7.33928928e+01 8.83441205e-279
9.24538730e+00 7.62334092e+01 4.64905206e-271 7.62334092e+01 6.09844438e-273
9.44218861e+00 7.91892921e+01 2.51792573e-265 7.91892921e+01 3.17962905e-267
9.64317911e+00 8.22648909e+01 1.03611264e-259 8.22648909e+01 1.25948339e-261
9.84844798e+00 8.54647033e+01 3.25794260e-254 8.54647033e+01 3.81203289e-256
1.00580863e+01 8.87933801e+01 7.87204036e-249 8.87933801e+01 8.86557123e-251
1.02721871e+01 9.22557301e+01 1.46968036e-243 9.22557301e+01 1.59305049e-245
1.04908453e+01 9.58567251e+01 2.13149708e-238 9.58567251e+01 2.22362811e-240
1.07141579e+01 9.96015055e+01 2.41411961e-233 9.96015055e+01 2.42377823e-235
1.09422241e+01 1.03495385e+02 2.14626472e-228 1.03495385e+02 2.07377818e-230
1.11751450e+01 1.07543858e+02 1.50539293e-223 1.07543858e+02 1.39979443e-225
1.14130240e+01 1.11752602e+02 8.37152318e-219 1.11752602e+02 7.49112146e-221
1.16559665e+01 1.16127487e+02 3.70892743e-214 1.16127487e+02 3.19384111e-216
1.19040805e+01 1.20674579e+02 1.31534249e-209 1.20674579e+02 1.08999136e-211
1.21574759e+01 1.25400147e+02 3.75137569e-205 1.25400147e+02 2.99152415e-207
1.24162652e+01 1.30310671e+02 8.64322902e-201 1.30310671e+02 6.63278684e-203
1.26805631e+01 1.35412844e+02 1.61594534e-196 1.35412844e+02 1.19334717e-198
1.29504871e+01 1.40713585e+02 2.46225869e-192 1.40713585e+02 1.74983722e-194
1.32261567e+01 1.46220041e+02 3.07078084e-188 1.46220041e+02 2.10010941e-190
1.35076944e+01 1.51939595e+02 3.14764151e-184 1.51939595e+02 2.07164006e-186
1.37952250e+01 1.57879875e+02 2.66267635e-180 1.57879875e+02 1.68652044e-182
1.40888761e+01 1.64048760e+02 1.86632188e-176 1.64048760e+02 1.13766290e-178
1.43887780e+01 1.70454388e+02 1.08815786e-172 1.70454388e+02 6.38386535e-175
1.46950638e+01 1.77105165e+02 5.29786782e-169 1.77105165e+02 2.99136833e-171
1.50078693e+01 1.84009770e+02 2.16195233e-165 1.84009770e+02 1.17491170e-167
1.53273332e+01 1.91177168e+02 7.42206590e-162 1.91177168e+02 3.88229724e-164
1.56535975e+01 1.98616613e+02 2.15130410e-158 1.98616613e+02 1.08314409e-160
1.59868067e+01 2.06337661e+02 5.28334665e-155 2.06337661e+02 2.56053433e-157
1.63271088e+01 2.14350180e+02 1.10318102e-151 2.14350180e+02 5.14662977e-154
1.66746547e+01 2.22664355e+02 1.96509537e-148 2.22664355e+02 8.82537022e-151
1.70295986e+01 2.31290699e+02 2.99611064e-145 2.31290699e+02 1.29538743e-147
1.73920979e+01 2.40240066e+02 3.92263267e-142 2.40240066e+02 1.63279703e-144
1.77623136e+01 2.49523658e+02 4.42406887e-139 2.49523658e+02 1.77300577e-141
1.81404099e+01 2.59153037e+02 4.31162204e-136 2.59153037e+02 1.66373587e-138
1.85265545e+01 2.69140135e+02 3.64213501e-133 2.69140135e+02 1.35324856e-135
1.89209188e+01 2.79497266e+02 2.67462181e-130 2.79497266e+02 9.56940241e-133
1.93236776e+01 2.90237136e+02 1.71248651e-127 2.90237136e+02 5.90030115e-130
1.97350097e+01 3.01372860e+02 9.58719164e-125 3.01372860e+02 3.18117287e-127
2.01550977e+01 3.12917965e+02 4.70619914e-122 3.12917965e+02 1.50397218e-124
2.05841278e+01 3.24886415e+02 2.03120462e-119 3.24886415e+02 6.25204542e-122
2.10222904e+01 3.37292614e+02 7.72870233e-117 3.37292614e+02 2.29139389e-119
2.14697800e+01 3.50151424e+02 2.59938001e-114 3.50151424e+02 7.42358830e-117
2.19267950e+01 3.63478181e+02 7.74747610e-112 3.63478181e+02 2.13148313e-114
2.23935382e+01 3.77288708e+02 2.05150082e-109 3.77288708e+02 5.43748271e-112
2.28702167e+01 3.91599328e+02 4.83810218e-107 3.91599328e+02 1.23547254e-109
2.33570420e+01 4.06426887e+02 1.01863562e-104 4.06426887e+02 2.50631946e-107
2.38542301e+01 4.21788765e+02 1.91924268e-102 4.21788765e+02 4.55024609e-105
2.43620015e+01 4.37702894e+02 3.24349683e-100 4.37702894e+02 7.41027046e-103
2.48805816e+01 4.54187780e+02 4.92781046e-98 4.54187780e+02 1.08497205e-100
2.54102004e+01 4.71262521e+02 6.74551807e-96 4.71262521e+02 1.43137164e-98
2.59510929e+01 4.88946825e+02 8.33760276e-94 4.88946825e+02 1.70521667e-96
2.65034991e+01 5.07261034e+02 9.32514878e-92 5.07261034e+02 1.83833336e-94
2.70676640e+01 5.26226144e+02 9.45722816e-90 5.26226144e+02 1.79717946e-92
2.76438380e+01 5.45863832e+02 8.71468067e-88 5.45863832e+02 1.59649351e-90
2.82322766e+01 5.66196478e+02 7.31115725e-86 5.66196478e+02 1.29127565e-88
2.88332411e+01 5.87247192e+02 5.59522105e-84 5.87247192e+02 9.52788047e-87
2.94469979e+01 6.09039842e+02 3.91360136e-82 6.09039842e+02 6.42585442e-85
3.00738194e+01 6.31599083e+02 2.50656251e-80 6.31599083e+02 3.96859744e-83
3.07139837e+01 6.54950391e+02 1.47272119e-78 6.54950391e+02 2.24859961e-81
3.13677748e+01 6.79120091e+02 7.95212845e-77 6.79120091e+02 1.17094584e-79
3.20354828e+01 7.04135394e+02 3.95304378e-75 7.04135394e+02 5.61403932e-78
3.27174039e+01 7.30024438e+02 1.81223224e-73 7.30024438e+02 2.48242681e-76
3.34138407e+01 7.56816322e+02 7.67472931e-72 7.56816322e+02 1.01408084e-74
3.41251021e+01 7.84541151e+02 3.00744014e-70 7.84541151e+02 3.83337463e-73
3.48515038e+01 8.13230083e+02 1.09224079e-68 8.13230083e+02 1.34308951e-71
3.55933679e+01 8.42915371e+02 3.68226790e-67 8.42915371e+02 4.36849063e-70
3.63510237e+01 8.73630419e+02 1.15414863e-65 8.73630419e+02 1.32109483e-68
3.71248073e+01 9.05409833e+02 3.36834989e-64 9.05409833e+02 3.72024885e-67
3.79150620e+01 9.38289483e+02 9.16701074e-63 9.38289483e+02 9.76991739e-66
3.87221384e+01 9.72306557e+02 2.32983887e-61 9.72306557e+02 2.39619784e-64
3.95463945e+01 1.00749963e+03 5.53771979e-60 1.00749963e+03 5.49649807e-63
4.03881962e+01 1.04390875e+03 1.23267742e-58 1.04390875e+03 1.18082871e-61
4.12479167e+01 1.08157547e+03 2.57320904e-57 1.08157547e+03 2.37913037e-60
4.21259377e+01 1.12054297e+03 5.04416494e-56 1.12054297e+03 4.50153640e-59
4.30226486e+01 1.16085611e+03 9.29739691e-55 1.16085611e+03 8.00908640e-58
4.39384473e+01 1.20256156e+03 1.61342499e-53 1.20256156e+03 1.34165688e-56
4.48737400e+01 1.24570784e+03 2.63935205e-52 1.24570784e+03 2.11875687e-55
4.58289418e+01 1.29034546e+03 4.07512974e-51 1.29034546e+03 3.15816956e-54
4.68044764e+01 1.33652699e+03 5.94571980e-50 1.33652699e+03 4.44863429e-53
4.78007767e+01 1.38430723e+03 8.20726990e-49 1.38430723e+03 5.92879220e-52
4.88182847e+01 1.43374326e+03 1.07306490e-47 1.43374326e+03 7.48435882e-51
4.98574518e+01 1.48489463e+03 1.33038558e-46 1.48489463e+03 8.95946119e-50
5.09187390e+01 1.53782343e+03 1.56579303e-45 1.53782343e+03 1.01818778e-48
5.20026173e+01 1.59259448e+03 1.75132791e-44 1.59259448e+03 1.09966972e-47
5.31095674e+01 1.64927545e+03 1.86353717e-43 1.64927545e+03 1.12991264e-46
5.42400806e+01 1.70793703e+03 1.88841612e-42 1.70793703e+03 1.10567081e-45
5.53946584e+01 1.76865308e+03 1.82426763e-41 1.76865308e+03 1.03144458e-44
5.65738130e+01 1.83150083e+03 1.68168081e-40 1.83150083e+03 9.18198227e-44
5.77780676e+01 1.89656101e+03 1.48076682e-39 1.89656101e+03 7.80764140e-43
5.90079565e+01 1.96391809e+03 1.24661677e-38 1.96391809e+03 6.34760062e-42
6.02640253e+01 2.03366046e+03 1.00435878e-37 2.03366046e+03 4.93867485e-41
6.15468314e+01 2.10588064e+03 7.75090460e-37 2.10588064e+03 3.68060015e-40
6.28569438e+01 2.18067549e+03 5.73473272e-36 2.18067549e+03 2.62979648e-39
6.41949438e+01 2.25814646e+03 4.07148471e-35 2.25814646e+03 1.80302066e-38
6.55614251e+01 2.33839982e+03 2.77616247e-34 2.33839982e+03 1.18720608e-37
6.69569939e+01 2.42154690e+03 1.81951323e-33 2.42154690e+03 7.51384675e-37
6.83822694e+01 2.50770438e+03 1.14720762e-32 2.50770438e+03 4.57473229e-36
6.98378839e+01 2.59699454e+03 6.96395618e-32 2.59699454e+03 2.68154440e-35
7.13244832e+01 2.68954558e+03 4.07324625e-31 2.68954558e+03 1.51447377e-34
7.28427270e+01 2.78549188e+03 2.29737665e-30 2.78549188e+03 8.24765159e-34
7.43932887e+01 2.88497433e+03 1.25043149e-29 2.88497433e+03 4.33428984e-33
7.59768564e+01 2.98814067e+03 6.57273570e-29 2.98814067e+03 2.19960719e-32
7.75941325e+01 3.09514585e+03 3.33892518e-28 3.09514585e+03 1.07876182e-31
7.92458347e+01 3.20615231e+03 1.64040303e-27 3.20615231e+03 5.11642267e-31
8.09326958e+01 3.32133043e+03 7.79974612e-27 3.32133043e+03 2.34838005e-30
8.26554641e+01 3.44085891e+03 3.59163963e-26 3.44085891e+03 1.04382066e-29
8.44149040e+01 3.56492512e+03 1.60279365e-25 3.56492512e+03 4.49600931e-29
8.62117960e+01 3.69372558e+03 6.93616130e-25 3.69372558e+03 1.87782258e-28
8.80469375e+01 3.82746637e+03 2.91269951e-24 3.82746637e+03 7.60999374e-28
8.99211427e+01 3.96636360e+03 1.18762556e-23 3.96636360e+03 2.99424278e-27
9.18352429e+01 4.11064387e+03 4.70476010e-23 4.11064387e+03 1.14453119e-26
9.37900876e+01 4.26054480e+03 1.81188538e-22 4.26054480e+03 4.25270819e-26
9.57865438e+01 4.41631552e+03 6.78758050e-22 4.41631552e+03 1.53693287e-25
9.78254976e+01 4.57821722e+03 2.47480349e-21 4.57821722e+03 5.40560522e-25
9.99078533e+01 4.74652371e+03 8.78725248e-21 4.74652371e+03 1.85130277e-24
1.02034535e+02 4.92152201e+03 3.04013060e-20 4.92152201e+03 6.17721630e-24
1.04206486e+02 5.10351296e+03 1.02539978e-19 5.10351296e+03 2.00920384e-23
1.06424670e+02 5.29281186e+03 3.37354292e-19 5.29281186e+03 6.37381983e-23
1.08690072e+02 5.48974913e+03 1.08317019e-18 5.48974913e+03 1.97307775e-22
1.11003696e+02 5.69467099e+03 3.39582498e-18 5.69467099e+03 5.96316273e-22
1.13366568e+02 5.90794020e+03 1.04003547e-17 5.90794020e+03 1.76040284e-21
1.15779738e+02 6.12993678e+03 3.11327052e-17 6.12993678e+03 5.07879711e-21
1.18244275e+02 6.36105883e+03 9.11294231e-17 6.36105883e+03 1.43261406e-20
1.20761274e+02 6.60172332e+03 2.60961427e-16 6.60172332e+03 3.95292888e-20
1.23331851e+02 6.85236691e+03 7.31422996e-16 6.85236691e+03 1.06740197e-19
1.25957146e+02 7.11344690e+03 2.00738194e-15 7.11344690e+03 2.82195393e-19
1.28638324e+02 7.38544206e+03 5.39698232e-15 7.38544206e+03 7.30759551e-19
1.31376575e+02 7.66885365e+03 1.42206045e-14 7.66885365e+03 1.85433249e-18
1.34173113e+02 7.96420641e+03 3.67378569e-14 7.96420641e+03 4.61287101e-18
1.37029180e+02 8.27204954e+03 9.30930133e-14 8.27204954e+03 1.12539236e-17
1.39946042e+02 8.59295783e+03 2.31474396e-13 8.59295783e+03 2.69376855e-17
1.42924994e+02 8.92753275e+03 5.64992750e-13 8.92753275e+03 6.32865502e-17
1.45967357e+02 9.27640363e+03 1.35426829e-12 9.27640363e+03 1.45990660e-16
1.49074482e+02 9.64022883e+03 3.18898768e-12 9.64022883e+03 3.30799998e-16
1.52247745e+02 1.00196970e+04 7.37986175e-12 1.00196970e+04 7.36535418e-16
1.55488557e+02 1.04155285e+04 1.67899139e-11 1.04155285e+04 1.61200786e-15
1.58798353e+02 1.08284765e+04 3.75671191e-11 1.08284765e+04 3.46928942e-15
1.62178603e+02 1.12593287e+04 8.26946866e-11 1.12593287e+04 7.34454860e-15
1.65630807e+02 1.17089083e+04 1.79145365e-10 1.17089083e+04 1.52999204e-14
1.69156496e+02 1.21780761e+04 3.82064501e-10 1.21780761e+04 3.13731411e-14
1.72757234e+02 1.26677317e+04 8.02440441e-10 1.26677317e+04 6.33452352e-14
1.76434619e+02 1.31788149e+04 1.66024757e-09 1.31788149e+04 1.25978518e-13
1.80190283e+02 1.37123079e+04 3.38495459e-09 1.37123079e+04 2.46855206e-13
1.84025891e+02 1.42692366e+04 6.80277305e-09 1.42692366e+04 4.76744009e-13
1.87943145e+02 1.48506723e+04 1.34803970e-08 1.48506723e+04 9.07729743e-13
1.91943784e+02 1.54577340e+04 2.63469684e-08 1.54577340e+04 1.70445218e-12
1.96029583e+02 1.60915895e+04 5.08036529e-08 1.60915895e+04 3.15715566e-12
2.00202353e+02 1.67534581e+04 9.66758496e-08 1.67534581e+04 5.77050118e-12
2.04463947e+02 1.74446118e+04 1.81601622e-07 1.74446118e+04 1.04101842e-11
2.08816254e+02 1.81663778e+04 3.36835239e-07 1.81663778e+04 1.85416841e-11
2.13261207e+02 1.89201404e+04 6.17058521e-07 1.89201404e+04 3.26138447e-11
2.17800777e+02 1.97073428e+04 1.11675729e-06 1.97073428e+04 5.66670656e-11
2.22436979e+02 2.05294895e+04 1.99721617e-06 2.05294895e+04 9.72852329e-11
2.27171868e+02 2.13881482e+04 3.53047489e-06 2.13881483e+04 1.65066879e-10
2.32007547e+02 2.22849521e+04 6.17004948e-06 2.22849521e+04 2.76870664e-10
2.36946160e+02 2.32216016e+04 1.06633860e-05 2.32216016e+04 4.59201141e-10
2.41989898e+02 2.41998669e+04 1.82286252e-05 2.41998670e+04 7.53253114e-10
2.47140999e+02 2.52215900e+04 3.08293409e-05 2.52215901e+04 1.22233930e-09
2.52401749e+02 2.62886866e+04 5.15968604e-05 2.62886866e+04 1.96270210e-09
2.57774482e+02 2.74031480e+04 8.54724548e-05 2.74031481e+04 3.11907430e-09
2.63261581e+02 2.85670438e+04 1.40173564e-04 2.85670439e+04 4.90682777e-09
2.68865480e+02 2.97825230e+04 2.27632534e-04 2.97825233e+04 7.64315808e-09
2.74588667e+02 3.10518166e+04 3.66117228e-04 3.10518170e+04 1.17905251e-08
2.80433680e+02 3.23772388e+04 5.83325688e-04 3.23772394e+04 1.80165356e-08
2.86403112e+02 3.37611891e+04 9.20858306e-04 3.37611900e+04 2.72756472e-08
2.92499613e+02 3.52061534e+04 1.44061912e-03 3.52061548e+04 4.09195247e-08
2.98725886e+02 3.67147060e+04 2.23389289e-03 3.67147083e+04 6.08446314e-08
3.05084694e+02 3.82895104e+04 3.43409859e-03 3.82895139e+04 8.96877041e-08
3.11578858e+02 3.99333205e+04 5.23454797e-03 3.99333258e+04 1.31082194e-07
3.18211260e+02 4.16489814e+04 7.91295607e-03 4.16489893e+04 1.89991551e-07
3.24984843e+02 4.34394301e+04 1.18649797e-02 4.34394420e+04 2.73138402e-07
3.31902610e+02 4.53076958e+04 1.76497228e-02 4.53077135e+04 3.89552273e-07
3.38967632e+02 4.72569002e+04 2.60509668e-02 4.72569262e+04 5.51262404e-07
3.46183044e+02 4.92902569e+04 3.81588955e-02 4.92902951e+04 7.74166505e-07
3.53552046e+02 5.14110715e+04 5.54783063e-02 5.14111269e+04 1.07911088e-06
3.61077907e+02 5.36227400e+04 8.00707791e-02 5.36228201e+04 1.49322208e-06
3.68763967e+02 5.59287484e+04 1.14740035e-01 5.59288632e+04 2.05153526e-06
3.76613636e+02 5.83326705e+04 1.63271802e-01 5.83328338e+04 2.79896914e-06
3.84630397e+02 6.08381661e+04 2.30741943e-01 6.08383968e+04 3.79270255e-06
3.92817805e+02 6.34489785e+04 3.23909437e-01 6.34493024e+04 5.10501180e-06
4.01179495e+02 6.61689319e+04 4.51714055e-01 6.61693836e+04 6.82663234e-06
4.09719174e+02 6.90019278e+04 6.25902272e-01 6.90025537e+04 9.07071171e-06
4.18440634e+02 7.19519413e+04 8.61809172e-01 7.19528031e+04 1.19774232e-05
4.27347742e+02 7.50230166e+04 1.17932872e+00 7.50241959e+04 1.57193116e-05
4.36444450e+02 7.82192627e+04 1.60410998e+00 7.82208668e+04 2.05074432e-05
4.45734795e+02 8.15448476e+04 2.16902259e+00 8.15470167e+04 2.65984297e-05
4.55222898e+02 8.50039929e+04 2.91594075e+00 8.50069088e+04 3.43023972e-05
4.64912969e+02 8.86009670e+04 3.89790187e+00 8.86048649e+04 4.39919623e-05
4.74809308e+02 9.23400788e+04 5.18170282e+00 9.23452605e+04 5.61122768e-05
4.84916304e+02 9.62256702e+04 6.85100413e+00 9.62325212e+04 7.11921920e-05
4.95238441e+02 1.00262108e+05 9.01002029e+00 1.00271118e+05 8.98565856e-05
5.05780301e+02 1.04453776e+05 1.17878820e+01 1.04465564e+05 1.12839883e-04
5.16546558e+02 1.08805065e+05 1.53437640e+01 1.08820409e+05 1.41000794e-04
5.27541991e+02 1.13320367e+05 1.98728810e+01 1.13340240e+05 1.75338265e-04
5.38771478e+02 1.18004060e+05 2.56134596e+01 1.18029674e+05 2.17008646e-04
5.50240000e+02 1.22860504e+05 3.28548057e+01 1.22893358e+05 2.67344030e-04
5.61952646e+02 1.27894024e+05 4.19465886e+01 1.27935971e+05 3.27871734e-04
5.73914613e+02 1.33108907e+05 5.33094745e+01 1.33162216e+05 4.00334841e-04
5.86131207e+02 1.38509382e+05 6.74472444e+01 1.38576829e+05 4.86713722e-04
5.98607849e+02 1.44099617e+05 8.49605373e+01 1.44184578e+05 5.89248438e-04
6.11350074e+02 1.49883703e+05 1.06562364e+02 1.49990265e+05 7.10461866e-04
6.24363536e+02 1.55865641e+05 1.33095536e+02 1.55998736e+05 8.53183426e-04
6.37654007e+02 1.62049333e+05 1.65552165e+02 1.62214885e+05 1.02057320e-03
6.51227386e+02 1.68438570e+05 2.05095368e+02 1.68643665e+05 1.21614629e-03
6.65089693e+02 1.75037017e+05 2.53083338e+02 1.75290100e+05 1.44379710e-03
6.79247079e+02 1.81848205e+05 3.11095915e+02 1.82159301e+05 1.70782339e-03
6.93705826e+02 1.88875517e+05 3.80963797e+02 1.89256481e+05 2.01294981e-03
7.08472348e+02 1.96122174e+05 4.64800519e+02 1.96586975e+05 2.36435053e-03
7.23553196e+02 2.03591229e+05 5.65037332e+02 2.04156266e+05 2.76767078e-03
7.38955061e+02 2.11285549e+05 6.84461082e+02 2.11970010e+05 3.22904680e-03
7.54684778e+02 2.19207810e+05 8.26255198e+02 2.20034065e+05 3.75512399e-03
7.70749324e+02 2.27360483e+05 9.94043880e+02 2.28354527e+05 4.35307279e-03
7.87155827e+02 2.35745825e+05 1.19193955e+03 2.36937765e+05 5.03060183e-03
8.03911565e+02 2.44365867e+05 1.42459365e+03 2.45790461e+05 5.79596800e-03
8.21023974e+02 2.53222408e+05 1.69725076e+03 2.54919659e+05 6.65798303e-03
8.38500645e+02 2.62317004e+05 2.01580622e+03 2.64332810e+05 7.62601594e-03
8.56349331e+02 2.71650960e+05 2.38686704e+03 2.74037827e+05 8.70999112e-03
8.74577953e+02 2.81225325e+05 2.81781628e+03 2.84043141e+05 9.92038136e-03
8.93194597e+02 2.91040880e+05 3.31688079e+03 2.94357760e+05 1.12681955e-02
9.12207522e+02 3.01098137e+05 3.89320227e+03 3.04991340e+05 1.27649601e-02
9.31625165e+02 3.11397334e+05 4.55691165e+03 3.15954245e+05 1.44226948e-02
9.51456141e+02 3.21938423e+05 5.31920655e+03 3.27257629e+05 1.62538810e-02
9.71709247e+02 3.32721075e+05 6.19243200e+03 3.38913507e+05 1.82714229e-02
9.92393469e+02 3.43744673e+05 7.19016405e+03 3.50934837e+05 2.04886015e-02
1.01351799e+03 3.55008310e+05 8.32729630e+03 3.63335606e+05 2.29190207e-02
1.03509217e+03 3.66510787e+05 9.62012919e+03 3.76130916e+05 2.55765447e-02
1.05712559e+03 3.78250614e+05 1.10864620e+04 3.89337076e+05 2.84752279e-02
1.07962802e+03 3.90226010e+05 1.27456871e+04 4.02971697e+05 3.16292364e-02
1.10260944e+03 4.02434904e+05 1.46188869e+04 4.17053791e+05 3.50527610e-02
1.12608007e+03 4.14874937e+05 1.67289327e+04 4.31603870e+05 3.87599228e-02
1.15005029e+03 4.27543464e+05 1.91005857e+04 4.46644050e+05 4.27646707e-02
1.17453076e+03 4.40437559e+05 2.17606001e+04 4.62198159e+05 4.70806724e-02
1.19953233e+03 4.53554019e+05 2.47378276e+04 4.78291847e+05 5.17211986e-02
1.22506609e+03 4.66889369e+05 2.80633237e+04 4.94952693e+05 5.66990020e-02
1.25114338e+03 4.80439867e+05 3.17704559e+04 5.12210323e+05 6.20261921e-02
1.27777575e+03 4.94201512e+05 3.58950127e+04 5.30096525e+05 6.77141068e-02
1.30497504e+03 5.08170051e+05 4.04753145e+04 5.48645365e+05 7.37731821e-02
1.33275330e+03 5.22340986e+05 4.55523251e+04 5.67893311e+05 8.02128220e-02
1.36112286e+03 5.36709584e+05 5.11697652e+04 5.87879349e+05 8.70412701e-02
1.39009631e+03 5.51270883e+05 5.73742265e+04 6.08645109e+05 9.42654852e-02
1.41968650e+03 5.66019705e+05 6.42152869e+04 6.30234992e+05 1.01891021e-01
1.44990656e+03 5.80950665e+05 7.17456271e+04 6.52696292e+05 1.09921916e-01
1.48076990e+03 5.96058179e+05 8.00211486e+04 6.76079328e+05 1.18360591e-01
1.51229021e+03 6.11336480e+05 8.91010921e+04 7.00437572e+05 1.27207757e-01
1.54448147e+03 6.26779622e+05 9.90481581e+04 7.25827780e+05 1.36462341e-01
1.57735797e+03 6.42381498e+05 1.09928628e+05 7.52310126e+05 1.46121426e-01
1.61093429e+03 6.58135848e+05 1.21812489e+05 7.79948338e+05 1.56180202e-01
1.64522533e+03 6.74036273e+05 1.34773557e+05 8.08809829e+05 1.66631947e-01
1.68024631e+03 6.90076243e+05 1.48889602e+05 8.38965845e+05 1.77468014e-01
1.71601276e+03 7.06249116e+05 1.64242483e+05 8.70491599e+05 1.88677850e-01
1.75254055e+03 7.22548142e+05 1.80918273e+05 9.03466415e+05 2.00249030e-01
1.78984588e+03 7.38966483e+05 1.99007396e+05 9.37973879e+05 2.12167311e-01
1.82794531e+03 7.55497220e+05 2.18604762e+05 9.74101981e+05 2.24416710e-01
1.86685575e+03 7.72133366e+05 2.39809909e+05 1.01194327e+06 2.36979596e-01
1.90659444e+03 7.88867880e+05 2.62727146e+05 1.05159503e+06 2.49836809e-01
1.94717904e+03 8.05693678e+05 2.87465700e+05 1.09315938e+06 2.62967785e-01
1.98862753e+03 8.22603644e+05 3.14139868e+05 1.13674351e+06 2.76350702e-01
2.03095831e+03 8.39590642e+05 3.42869174e+05 1.18245982e+06 2.89962643e-01
2.07419017e+03 8.56647527e+05 3.73778530e+05 1.23042606e+06 3.03779758e-01
2.11834228e+03 8.73767158e+05 4.06998407e+05 1.28076556e+06 3.17777443e-01
2.16343422e+03 8.90942406e+05 4.42665002e+05 1.33360741e+06 3.31930521e-01
2.20948602e+03 9.08166168e+05 4.80920426e+05 1.38908659e+06 3.46213424e-01
2.25651809e+03 9.25431371e+05 5.21912886e+05 1.44734426e+06 3.60600378e-01
2.30455131e+03 9.42730992e+05 5.65796882e+05 1.50852787e+06 3.75065580e-01
2.35360698e+03 9.60058055e+05 6.12733411e+05 1.57279147e+06 3.89583377e-01
2.40370688e+03 9.77405652e+05 6.62890181e+05 1.64029583e+06 4.04128431e-01
2.45487322e+03 9.94766943e+05 7.16441826e+05 1.71120877e+06 4.18675874e-01
2.50712871e+03 1.01213517e+06 7.73570148e+05 1.78570532e+06 4.33201459e-01
2.56049654e+03 1.02950366e+06 8.34464349e+05 1.86396801e+06 4.47681691e-01
2.61500037e+03 1.04686583e+06 8.99321294e+05 1.94618713e+06 4.62093948e-01
2.67066440e+03 1.06421522e+06 9.68345770e+05 2.03256099e+06 4.76416586e-01
2.72751331e+03 1.08154546e+06 1.04175077e+06 2.12329623e+06 4.90629030e-01
2.78557234e+03 1.09885030e+06 1.11975777e+06 2.21860807e+06 5.04711846e-01
2.84486723e+03 1.11612360e+06 1.20259708e+06 2.31872067e+06 5.18646808e-01
2.90542431e+03 1.13335937e+06 1.29050808e+06 2.42386745e+06 5.32416936e-01
2.96727042e+03 1.15055173e+06 1.38373965e+06 2.53429138e+06 5.46006533e-01
3.03043302e+03 1.16769495e+06 1.48255046e+06 2.65024541e+06 5.59401199e-01
3.09494013e+03 1.18478343e+06 1.58720938e+06 2.77199281e+06 5.72587840e-01
3.16082036e+03 1.20181173e+06 1.69799581e+06 2.89980754e+06 5.85554657e-01
3.22810294e+03 1.21877453e+06 1.81520016e+06 3.03397469e+06 5.98291135e-01
3.29681774e+03 1.23566668e+06 1.93912422e+06 3.17479090e+06 6.10788011e-01
3.36699522e+03 1.25248318e+06 2.07008163e+06 3.32256481e+06 6.23037246e-01
3.43866654e+03 1.26921918e+06 2.20839834e+06 3.47761752e+06 6.35031980e-01
3.51186348e+03 1.28587000e+06 2.35441311e+06 3.64028311e+06 6.46766485e-01
3.58661852e+03 1.30243109e+06 2.50847801e+06 3.81090910e+06 6.58236118e-01
3.66296483e+03 1.31889808e+06 2.67095897e+06 3.98985705e+06 6.69437259e-01
3.74093628e+03 1.33526677e+06 2.84223631e+06 4.17750308e+06 6.80367257e-01
3.82056746e+03 1.35153309e+06 3.02270540e+06 4.37423849e+06 6.91024370e-01
3.90189371e+03 1.36769316e+06 3.21277718e+06 4.58047034e+06 7.01407704e-01
3.98495111e+03 1.38374324e+06 3.41287890e+06 4.79662214e+06 7.11517148e-01
4.06977649e+03 1.39967976e+06 3.62345472e+06 5.02313448e+06 7.21353318e-01
4.15640751e+03 1.41549930e+06 3.84496646e+06 5.26046576e+06 7.30917495e-01
4.24488260e+03 1.43119863e+06 4.07789430e+06 5.50909293e+06 7.40211566e-01
4.33524100e+03 1.44677463e+06 4.32273762e+06 5.76951224e+06 7.49237965e-01
4.42752281e+03 1.46222437e+06 4.58001570e+06 6.04224007e+06 7.57999624e-01
4.52176897e+03 1.47754506e+06 4.85026866e+06 6.32781372e+06 7.66499912e-01
4.61802130e+03 1.49273408e+06 5.13405829e+06 6.62679237e+06 7.74742591e-01
4.71632250e+03 1.50778894e+06 5.43196898e+06 6.93975791e+06 7.82731767e-01
4.81671617e+03 1.52270730e+06 5.74460866e+06 7.26731596e+06 7.90471845e-01
4.91924687e+03 1.53748699e+06 6.07260984e+06 7.61009683e+06 7.97967486e-01
5.02396008e+03 1.55212596e+06 6.41663063e+06 7.96875660e+06 8.05223570e-01
5.13090227e+03 1.56662232e+06 6.77735583e+06 8.34397815e+06 8.12245156e-01
5.24012087e+03 1.58097429e+06 7.15549808e+06 8.73647238e+06 8.19037453e-01
5.35166434e+03 1.59518027e+06 7.55179904e+06 9.14697931e+06 8.25605785e-01
5.46558218e+03 1.60923876e+06 7.96703063e+06 9.57626939e+06 8.31955567e-01
5.58192492e+03 1.62314840e+06 8.40199633e+06 1.00251447e+07 8.38092272e-01
5.70074418e+03 1.63690796e+06 8.85753255e+06 1.04944405e+07 8.44021417e-01
5.82209269e+03 1.65051634e+06 9.33450997e+06 1.09850263e+07 8.49748531e-01
5.94602426e+03 1.66397254e+06 9.83383511e+06 1.14978077e+07 8.55279146e-01
6.07259390e+03 1.67727571e+06 1.03564518e+07 1.20337275e+07 8.60618772e-01
6.20185776e+03 1.69042509e+06 1.09033426e+07 1.25937677e+07 8.65772886e-01
6.33387318e+03 1.70342004e+06 1.14755311e+07 1.31789511e+07 8.70746918e-01
6.46869874e+03 1.71626004e+06 1.20740826e+07 1.37903427e+07 8.75546237e-01
6.60639425e+03 1.72894465e+06 1.27001071e+07 1.44290517e+07 8.80176141e-01
6.74702081e+03 1.74147356e+06 1.33547602e+07 1.50962337e+07 8.84641852e-01
6.89064081e+03 1.75384654e+06 1.40392457e+07 1.57930922e+07 8.88948502e-01
7.03731796e+03 1.76606347e+06 1.47548173e+07 1.65208808e+07 8.93101131e-01
7.18711735e+03 1.77812430e+06 1.55027811e+07 1.72809054e+07 8.97104679e-01
7.34010543e+03 1.79002909e+06 1.62844972e+07 1.80745263e+07 9.00963983e-01
7.49635009e+03 1.80177798e+06 1.71013829e+07 1.89031609e+07 9.04683773e-01
7.65592063e+03 1.81337120e+06 1.79549143e+07 1.97682855e+07 9.08268666e-01
7.81888786e+03 1.82480904e+06 1.88466293e+07 2.06714384e+07 9.11723170e-01
7.98532408e+03 1.83609188e+06 1.97781301e+07 2.16142220e+07 9.15051678e-01
8.15530314e+03 1.84722018e+06 2.07510859e+07 2.25983061e+07 9.18258467e-01
8.32890044e+03 1.85819446e+06 2.17672358e+07 2.36254303e+07 9.21347699e-01
8.50619301e+03 1.86901530e+06 2.28283919e+07 2.46974072e+07 9.24323421e-01
8.68725951e+03 1.87968335e+06 2.39364421e+07 2.58161254e+07 9.27189564e-01
8.87218027e+03 1.89019935e+06 2.50933536e+07 2.69835530e+07 9.29949946e-01
9.06103732e+03 1.90056404e+06 2.63011763e+07 2.82017404e+07 9.32608271e-01
9.25391448e+03 1.91077828e+06 2.75620460e+07 2.94728243e+07 9.35168131e-01
9.45089729e+03 1.92084293e+06 2.88781885e+07 3.07990314e+07 9.37633009e-01
9.65207317e+03 1.93075893e+06 3.02519229e+07 3.21826819e+07 9.40006276e-01
9.85753137e+03 1.94052725e+06 3.16856662e+07 3.36261934e+07 9.42291200e-01
1.00673630e+04 1.95014894e+06 3.31819367e+07 3.51320856e+07 9.44490943e-01
1.02816613e+04 1.95962504e+06 3.47433591e+07 3.67029841e+07 9.46608564e-01
1.05005212e+04 1.96895668e+06 3.63726684e+07 3.83416250e+07 9.48647021e-01
1.07240398e+04 1.97814499e+06 3.80727149e+07 4.00508598e+07 9.50609176e-01
1.09523163e+04 1.98719115e+06 3.98464690e+07 4.18336601e+07 9.52497794e-01
1.11854521e+04 1.99609639e+06 4.16970263e+07 4.36931227e+07 9.54315547e-01
1.14235504e+04 2.00486194e+06 4.36276129e+07 4.56324749e+07 9.56065019e-01
1.16667170e+04 2.01348908e+06 4.56415910e+07 4.76550801e+07 9.57748700e-01
1.19150598e+04 2.02197910e+06 4.77424645e+07 4.97644437e+07 9.59369000e-01
1.21686889e+04 2.03033335e+06 4.99338853e+07 5.19642187e+07 9.60928243e-01
1.24277169e+04 2.03855315e+06 5.22196592e+07 5.42582124e+07 9.62428671e-01
1.26922586e+04 2.04663989e+06 5.46037527e+07 5.66503926e+07 9.63872450e-01
1.29624315e+04 2.05459495e+06 5.70902998e+07 5.91448947e+07 9.65261669e-01
1.32383554e+04 2.06241973e+06 5.96836088e+07 6.17460285e+07 9.66598342e-01
1.35201528e+04 2.07011567e+06 6.23881700e+07 6.44582857e+07 9.67884413e-01
1.38079486e+04 2.07768418e+06 6.52086635e+07 6.72863477e+07 9.69121757e-01
1.41018705e+04 2.08512673e+06 6.81499668e+07 7.02350935e+07 9.70312181e-01
1.44020491e+04 2.09244477e+06 7.12171633e+07 7.33096081e+07 9.71457428e-01
1.47086173e+04 2.09963976e+06 7.44155513e+07 7.65151911e+07 9.72559178e-01
1.50217113e+04 2.10671320e+06 7.77506529e+07 7.98573661e+07 9.73619050e-01
1.53414699e+04 2.11366655e+06 8.12282233e+07 8.33418899e+07 9.74638605e-01
1.56680350e+04 2.12050131e+06 8.48542610e+07 8.69747623e+07 9.75619349e-01
1.60015516e+04 2.12721898e+06 8.86350177e+07 9.07622367e+07 9.76562731e-01
1.63421675e+04 2.13382104e+06 9.25770094e+07 9.47108305e+07 9.77470147e-01
1.66900340e+04 2.14030900e+06 9.66870274e+07 9.88273364e+07 9.78342946e-01
1.70453052e+04 2.14668436e+06 1.00972150e+08 1.03118834e+08 9.79182422e-01
1.74081390e+04 2.15294861e+06 1.05439754e+08 1.07592702e+08 9.79989827e-01
1.77786961e+04 2.15910326e+06 1.10097528e+08 1.12256631e+08 9.80766363e-01
1.81571411e+04 2.16514979e+06 1.14953487e+08 1.17118637e+08 9.81513192e-01
1.85436419e+04 2.17108971e+06 1.20015983e+08 1.22187073e+08 9.82231429e-01
1.89383698e+04 2.17692450e+06 1.25293721e+08 1.27470646e+08 9.82922151e-01
1.93415001e+04 2.18265564e+06 1.30795775e+08 1.32978431e+08 9.83586393e-01
1.97532117e+04 2.18828462e+06 1.36531601e+08 1.38719885e+08 9.84225156e-01
2.01736871e+04 2.19381291e+06 1.42511055e+08 1.44704868e+08 9.84839398e-01
2.06031129e+04 2.19924196e+06 1.48744411e+08 1.50943653e+08 9.85430047e-01
2.10416796e+04 2.20457325e+06 1.55242375e+08 1.57446948e+08 9.85997993e-01
2.14895819e+04 2.20980823e+06 1.62016107e+08 1.64225915e+08 9.86544096e-01
2.19470184e+04 2.21494832e+06 1.69077237e+08 1.71292185e+08 9.87069181e-01
2.24141921e+04 2.21999497e+06 1.76437887e+08 1.78657882e+08 9.87574044e-01
2.28913103e+04 2.22494959e+06 1.84110694e+08 1.86335643e+08 9.88059453e-01
2.33785846e+04 2.22981361e+06 1.92108824e+08 1.94338637e+08 9.88526144e-01
2.38762312e+04 2.23458842e+06 2.00446003e+08 2.02680592e+08 9.88974828e-01
2.43844710e+04 2.23927541e+06 2.09136537e+08 2.11375812e+08 9.89406189e-01
2.49035294e+04 2.24387595e+06 2.18195334e+08 2.20439210e+08 9.89820886e-01
2.54336367e+04 2.24839143e+06 2.27637935e+08 2.29886326e+08 9.90219551e-01
2.59750280e+04 2.25282319e+06 2.37480534e+08 2.39733358e+08 9.90602796e-01
2.65279437e+04 2.25717256e+06 2.47740014e+08 2.49997187e+08 9.90971208e-01
2.70926290e+04 2.26144090e+06 2.58433968e+08 2.60695409e+08 9.91325352e-01
2.76693343e+04 2.26562950e+06 2.69580733e+08 2.71846363e+08 9.91665772e-01
2.82583157e+04 2.26973967e+06 2.81199422e+08 2.83469161e+08 9.91992993e-01
2.88598344e+04 2.27377270e+06 2.93309953e+08 2.95583726e+08 9.92307517e-01
2.94741573e+04 2.27772986e+06 3.05933090e+08 3.08210820e+08 9.92609832e-01
3.01015570e+04 2.28161242e+06 3.19090470e+08 3.21372082e+08 9.92900403e-01
3.07423117e+04 2.28542163e+06 3.32804646e+08 3.35090068e+08 9.93179680e-01
3.13967058e+04 2.28915871e+06 3.47099126e+08 3.49388284e+08 9.93448095e-01
3.20650297e+04 2.29282488e+06 3.61998407e+08 3.64291232e+08 9.93706066e-01
3.27475797e+04 2.29642135e+06 3.77528025e+08 3.79824446e+08 9.93953993e-01
3.34446588e+04 2.29994931e+06 3.93714593e+08 3.96014542e+08 9.94192260e-01
3.41565763e+04 2.30340994e+06 4.10585848e+08 4.12889258e+08 9.94421240e-01
3.48836479e+04 2.30680438e+06 4.28170701e+08 4.30477506e+08 9.94641289e-01
3.56261963e+04 2.31013379e+06 4.46499284e+08 4.48809417e+08 9.94852751e-01
3.63845509e+04 2.31339930e+06 4.65602999e+08 4.67916399e+08 9.95055956e-01
3.71590482e+04 2.31660201e+06 4.85514580e+08 4.87831182e+08 9.95251222e-01
3.79500317e+04 2.31974304e+06 5.06268140e+08 5.08587883e+08 9.95438855e-01
3.87578524e+04 2.32282347e+06 5.27899235e+08 5.30222059e+08 9.95619150e-01
3.95828688e+04 2.32584437e+06 5.50444924e+08 5.52770768e+08 9.95792389e-01
4.04254469e+04 2.32880679e+06 5.73943829e+08 5.76272636e+08 9.95958845e-01
4.12859604e+04 2.33171177e+06 5.98436207e+08 6.00767918e+08 9.96118781e-01
4.21647911e+04 2.33456035e+06 6.23964013e+08 6.26298573e+08 9.96272448e-01
4.30623291e+04 2.33735353e+06 6.50570978e+08 6.52908331e+08 9.96420089e-01
4.39789724e+04 2.34009230e+06 6.78302677e+08 6.80642769e+08 9.96561938e-01
4.49151278e+04 2.34277766e+06 7.07206613e+08 7.09549391e+08 9.96698218e-01
4.58712106e+04 2.34541057e+06 7.37332296e+08 7.39677706e+08 9.96829145e-01
4.68476450e+04 2.34799197e+06 7.68731325e+08 7.71079317e+08 9.96954928e-01
4.78448642e+04 2.35052282e+06 8.01457483e+08 8.03808006e+08 9.97075766e-01
4.88633106e+04 2.35300403e+06 8.35566822e+08 8.37919826e+08 9.97191851e-01
4.99034361e+04 2.35543652e+06 8.71117764e+08 8.73473201e+08 9.97303367e-01
5.09657022e+04 2.35782118e+06 9.08171199e+08 9.10529020e+08 9.97410493e-01
5.20505802e+04 2.36015889e+06 9.46790588e+08 9.49150747e+08 9.97513399e-01
5.31585513e+04 2.36245052e+06 9.87042075e+08 9.89404526e+08 9.97612250e-01
5.42901071e+04 2.36469693e+06 1.02899460e+09 1.03135930e+09 9.97707204e-01
5.54457498e+04 2.36689895e+06 1.07272001e+09 1.07508691e+09 9.97798412e-01
5.66259920e+04 2.36905742e+06 1.11829319e+09 1.12066225e+09 9.97886020e-01
5.78313573e+04 2.37117315e+06 1.16579219e+09 1.16816337e+09 9.97970170e-01
5.90623805e+04 2.37324693e+06 1.21529836e+09 1.21767161e+09 9.98050996e-01
6.03196078e+04 2.37527957e+06 1.26689649e+09 1.26927177e+09 9.98128628e-01
6.16035970e+04 2.37727182e+06 1.32067493e+09 1.32305220e+09 9.98203191e-01
6.29149178e+04 2.37922445e+06 1.37672579e+09 1.37910501e+09 9.98274805e-01
6.42541519e+04 2.38113822e+06 1.43514506e+09 1.43752619e+09 9.98343586e-01
6.56218935e+04 2.38301385e+06 1.49603277e+09 1.49841579e+09 9.98409644e-01
6.70187495e+04 2.38485208e+06 1.55949321e+09 1.56187807e+09 9.98473087e-01
6.84453395e+04 2.38665361e+06 1.62563506e+09 1.62802171e+09 9.98534016e-01
6.99022965e+04 2.38841915e+06 1.69457157e+09 1.69695999e+09 9.98592531e-01
7.13902670e+04 2.39014938e+06 1.76642080e+09 1.76881095e+09 9.98648725e-01
7.29099110e+04 2.39184497e+06 1.84130579e+09 1.84369764e+09 9.98702691e-01
7.44619029e+04 2.39350659e+06 1.91935479e+09 1.92174830e+09 9.98754516e-01
7.60469311e+04 2.39513490e+06 2.00070145e+09 2.00309658e+09 9.98804284e-01
7.76656989e+04 2.39673054e+06 2.08548506e+09 2.08788179e+09 9.98852076e-01
7.93189245e+04 2.39829413e+06 2.17385083e+09 2.17624912e+09 9.98897969e-01
8.10073413e+04 2.39982629e+06 2.26595007e+09 2.26834990e+09 9.98942039e-01
8.27316986e+04 2.40132763e+06 2.36194049e+09 2.36434182e+09 9.98984357e-01
8.44927612e+04 2.40279876e+06 2.46198648e+09 2.46438928e+09 9.99024992e-01
8.62913106e+04 2.40424025e+06 2.56625936e+09 2.56866360e+09 9.99064011e-01
8.81281447e+04 2.40565268e+06 2.67493768e+09 2.67734333e+09 9.99101478e-01
9.00040784e+04 2.40703662e+06 2.78820755e+09 2.79061459e+09 9.99137453e-01
9.19199441e+04 2.40839262e+06 2.90626294e+09 2.90867133e+09 9.99171996e-01
9.38765917e+04 2.40972123e+06 3.02930599e+09 3.03171572e+09 9.99205163e-01
9.58748894e+04 2.41102298e+06 3.15754743e+09 3.15995845e+09 9.99237008e-01
9.79157236e+04 2.41229840e+06 3.29120684e+09 3.29361913e+09 9.99267584e-01
1.00000000e+05 2.41354801e+06 3.43051310e+09 3.43292665e+09 9.99296942e-01
